2
2
2
2
2
2
9
9
9
9
9
9
9
10
11
11
11
10
12
12
12
10
11
11
11
10
12
12
12
12
12
12
12
12
12
12
12
12
12
12
12
12
12
12
0
4
5
5
6
8
8
8
8
4
5
5
6
13
13
13
13
4
5
5
6
13
13
13
13
4
5
5
6
13
13
3
3
4
5
5
6
8
8
8
8
4
5
5
6
13
13
13
13
4
5
5
6
13
13
13
13
4
5
5
6
13
13
3
3
4
5
5
6
8
8
8
8
4
5
5
6
13
13
13
13
4
5
5
6
13
13
13
13
4
5
5
6
13
13
3
3
4
5
5
6
13
13
13
13
4
5
5
6
13
13
3
3
4
5
5
6
13
13
13
13
4
5
5
6
13
13
13
13
4
5
5
6
13
13
13
13
4
5
5
6
13
13
3
3
4
5
5
6
13
13
13
13
4
4
14
4
13
0
13
4
5
4
13
4
18
21
21
30
30
21
21
31
31
31
31
31
31
31
31
31
32
32
32
32
33
33
33
33
32
32
33
33
32
32
33
33
25
25
25
25
26
26
26
26
27
27
28
28
28
28
28
28
29
29
29
29
29
29
29
29
30
30
21
21
30
30
21
21
34
34
34
34
31
31
31
31
34
34
31
31
34
34
31
31
32
32
32
32
33
33
33
33
32
32
33
33
32
32
33
33
30
30
30
30
21
21
21
21
30
30
21
21
30
30
21
21
34
34
34
34
31
31
31
31
34
34
31
31
34
34
31
31
25
25
25
25
26
26
26
26
25
25
26
26
25
25
26
26
35
35
35
35
35
35
35
35
35
35
35
35
35
35
35
35
29
29
29
29
29
29
29
29
29
29
29
29
29
29
29
29
34
34
34
34
34
34
34
34
34
34
34
34
25
31
30
36
36
36
36
37
37
37
37
37
37
37
37
37
37
37
37
37
37
37
37
39
39
0
39
39
39
39
0
36
36
36
36
36
36
36
36
37
37
37
37
37
37
37
37
4
4
36
36
36
36
36
36
36
36
36
36
36
36
36
36
36
36
36
36
36
36
36
36
36
36
36
36
36
36
0
0
42
42
42
42
42
0
43
42
42
44
42
42
0
0
43
45
42
43
42
42
42
42
42
43
42
42
44
42
0
43
7
45
7
7
7
7
7
44
44
44
44
44
0
45
7
45
45
7
7
7
7
0
0
38
37
38
7
43
38
38
38
37
37
42
42
42
42
0
0
42
43
42
42
44
42
42
42
43
45
42
43
42
42
42
42
42
43
42
42
44
46
46
46
44
44
47
47
47
47
47
47
47
47
47
47
46
46
44
46
44
42
44
44
44
44
44
44
44
44
48
47
44
48
38
42
47
54
57
4
4
62
4
62
62
62
62
57
0
0
57
63
63
63
57
57
57
62
62
62
62
62
62
57
0
0
64
64
64
64
64
64
64
64
64
64
64
64
64
64
64
0
65
65
65
65
65
65
65
65
65
65
65
65
65
65
65
0
66
66
66
66
66
66
66
66
66
66
66
66
66
66
66
0
16
16
16
16
16
16
16
16
16
16
16
16
16
16
16
0
64
64
64
64
64
64
64
64
64
64
64
64
64
64
64
0
65
65
65
65
65
65
65
65
65
65
65
65
65
65
65
0
66
66
66
66
66
66
66
66
66
66
66
66
66
66
66
0
16
16
16
16
16
16
16
16
16
16
16
16
16
16
16
0
64
64
64
64
64
64
64
64
64
64
64
64
64
64
64
64
65
65
65
65
65
65
65
65
65
65
65
65
65
65
65
65
67
67
67
67
67
67
67
67
67
67
67
67
65
16
65
16
67
64
68
68
68
74
74
74
74
75
75
75
75
68
68
68
68
68
75
75
75
75
68
68
68
68
68
74
74
74
74
75
75
75
75
70
70
76
76
76
72
77
77
70
70
70
70
70
70
78
78
78
78
71
71
79
79
70
70
70
70
70
70
73
73
70
70
71
71
79
79
70
70
73
73
70
70
81
73
70
72
73
70
71
0
70
82
67
67
65
65
65
65
72
72
65
65
67
67
67
67
15
15
67
67
90
90
91
91
90
90
92
92
92
92
92
92
92
92
67
67
65
65
65
65
72
72
65
65
67
67
67
67
15
15
67
67
90
90
91
91
90
90
92
92
92
92
92
92
92
92
67
67
65
65
65
65
72
72
65
65
67
67
67
67
15
15
67
67
90
90
91
91
90
90
92
92
92
92
92
92
92
92
67
67
65
65
65
65
72
72
65
65
67
67
67
67
15
15
67
67
90
90
91
91
90
90
92
92
92
92
92
92
92
92
67
67
65
65
65
65
72
72
65
65
67
67
67
67
15
15
67
67
90
90
91
91
90
90
92
92
92
92
92
92
92
92
67
67
65
65
65
65
72
72
65
65
67
67
67
67
15
15
67
67
90
90
91
91
90
90
92
92
92
92
92
92
92
92
67
67
65
65
65
65
72
65
93
67
91
92
70
65
65
94
101
102
0
88
0
98
98
98
99
69
69
98
98
98
99
103
69
99
99
98
54
98
98
98
99
98
69
99
99
99
99
98
69
99
99
69
0
100
69
100
100
100
69
0
100
99
69
0
94
94
94
94
94
101
102
0
88
0
98
98
98
99
69
69
98
98
98
99
69
69
99
99
69
0
104
104
104
104
104
53
104
104
104
104
104
105
104
104
0
0
101
101
101
101
101
0
106
106
106
106
106
106
101
96
0
0
107
107
108
108
109
107
108
108
108
110
110
107
107
111
111
98
98
98
99
112
69
98
69
98
99
99
99
99
99
69
69
104
104
104
104
104
0
105
105
105
105
105
105
104
104
0
0
0
39
0
101
101
101
101
101
101
0
0
69
107
113
113
113
113
0
0
0
0
47
47
47
47
47
47
47
54
0
54
0
54
117
0
48
48
48
48
48
48
54
0
54
0
88
118
69
118
88
0
0
0
88
118
69
118
88
5
5
5
88
118
69
118
88
0
42
0
88
118
69
118
88
5
5
5
88
118
69
118
88
0
0
0
88
118
69
118
88
5
5
5
88
118
69
118
88
0
0
0
88
118
69
118
88
5
5
5
88
118
69
118
88
0
0
0
88
118
69
118
88
5
5
5
88
118
69
118
88
0
0
0
88
118
69
118
88
5
5
5
88
118
69
118
88
0
0
0
88
118
69
118
88
5
5
5
88
118
69
118
88
0
0
0
88
118
69
118
88
5
5
5
119
120
121
118
88
0
0
118
88
118
69
118
88
5
5
5
88
118
69
118
88
0
0
0
88
118
69
118
88
5
5
5
88
118
69
118
88
0
0
0
88
118
69
118
88
5
5
5
88
118
69
118
88
0
0
0
88
118
69
118
88
5
5
5
88
118
69
118
88
0
0
88
118
88
131
131
131
131
131
131
131
134
135
135
135
135
135
136
135
135
127
127
127
127
127
128
127
137
130
130
130
130
130
130
130
130
131
131
131
131
131
131
131
134
135
135
135
135
135
136
135
135
133
133
133
133
133
133
133
133
133
133
133
133
133
133
133
133
109
109
138
138
96
139
139
140
141
141
129
129
142
143
129
129
88
88
119
119
144
144
119
119
134
134
145
145
145
55
134
134
145
145
143
143
145
55
134
134
86
86
86
0
146
146
147
147
129
129
109
109
138
138
139
139
140
141
141
129
129
142
143
127
127
144
88
119
119
144
144
119
119
118
118
148
148
149
149
148
148
150
150
151
151
12
151
151
141
134
129
145
142
55
129
145
88
88
119
144
129
137
72
160
160
124
124
124
124
124
124
124
124
160
160
160
160
0
0
160
160
124
124
124
124
0
0
124
124
160
160
72
72
72
72
160
160
124
124
124
124
124
124
124
124
160
160
160
160
0
0
160
160
124
124
124
124
0
0
124
124
160
160
160
160
160
160
125
125
125
125
125
125
125
125
125
125
125
125
125
125
125
125
125
125
125
125
125
125
125
125
125
125
125
125
125
125
125
125
0
0
0
0
0
0
0
0
0
0
0
0
0
0
0
0
0
0
72
160
160
124
124
124
124
124
124
124
124
160
160
160
160
0
0
160
160
124
124
124
124
0
0
124
124
160
160
72
72
72
72
160
160
124
124
124
124
124
124
124
124
160
160
160
160
0
0
160
160
124
124
124
124
0
0
124
124
160
160
160
160
160
160
125
125
125
125
125
125
125
125
125
125
125
125
125
125
125
125
125
125
125
124
160
0
161
115
115
37
37
37
37
37
37
115
115
37
37
164
164
165
165
164
164
165
165
165
165
164
164
165
165
165
165
164
164
165
165
164
164
165
165
165
165
165
165
80
80
166
166
166
166
167
167
166
166
167
167
167
167
166
166
167
167
166
166
166
166
167
167
166
166
167
167
167
167
167
167
80
80
168
168
168
168
168
168
168
168
168
168
168
168
168
168
168
168
167
167
167
167
167
167
167
167
167
167
167
167
167
167
167
167
167
167
167
167
167
167
167
167
167
167
167
167
167
167
167
167
169
169
88
88
169
169
88
88
169
169
169
169
169
169
88
88
169
169
88
88
169
169
169
169
88
88
37
37
37
37
167
167
37
37
37
37
37
37
71
71
168
168
168
168
168
167
71
171
83
171
55
83
172
134
134
134
134
134
134
134
88
88
88
88
88
88
88
88
180
180
180
180
180
180
180
180
134
134
134
134
134
134
134
134
180
180
180
180
180
180
180
180
88
88
88
88
88
88
88
88
179
179
179
179
179
179
179
179
148
148
148
148
148
148
148
148
148
148
148
148
148
148
148
148
71
71
71
71
71
71
71
71
71
71
71
71
71
71
71
71
0
44
44
0
44
44
44
44
95
95
95
0
43
43
43
43
181
181
181
0
10
10
10
0
181
181
181
181
181
181
181
10
45
45
45
45
45
45
45
45
0
0
0
0
0
0
48
182
182
182
182
183
183
183
0
183
183
183
183
183
183
183
183
183
183
183
183
183
183
183
183
0
0
0
0
0
0
0
0
0
0
0
0
0
0
134
55
189
0
85
85
69
193
193
193
193
193
137
0
82
82
192
192
189
189
189
189
189
189
70
70
39
0
39
0
189
189
85
85
69
0
69
0
193
193
77
77
137
0
82
82
192
192
189
189
189
189
189
194
70
70
39
39
39
0
39
0
189
189
85
85
69
0
69
0
193
193
77
77
137
0
82
82
192
192
189
189
189
189
189
194
70
70
39
39
39
0
39
0
189
189
85
85
69
0
69
0
193
193
77
77
137
0
82
82
192
192
189
189
189
189
189
194
70
70
39
39
39
0
39
0
189
189
85
85
69
0
69
0
193
193
77
77
137
0
82
82
192
192
189
189
189
189
189
194
70
70
39
39
39
0
39
0
189
189
85
85
69
0
69
0
193
193
77
77
137
0
82
82
192
192
189
189
189
189
189
194
70
70
39
39
39
0
39
0
189
189
85
85
69
0
69
193
70
70
189
70
39
87
70
70
192
189
70
87
87
189
189
196
0
200
200
200
200
200
0
201
201
201
201
201
0
0
196
196
196
196
196
0
200
200
200
200
200
0
201
201
201
201
201
0
171
171
171
171
171
0
196
196
196
196
196
0
200
200
200
200
200
0
201
201
201
201
201
0
171
171
171
171
171
0
196
196
196
196
196
0
200
200
200
200
200
0
201
201
201
201
201
0
202
202
202
202
202
0
196
196
196
196
196
0
203
203
203
203
203
0
201
201
201
201
201
0
202
202
202
202
202
0
196
196
196
196
196
0
203
203
203
203
203
0
201
201
201
201
201
0
0
196
196
196
196
196
0
203
203
203
203
203
0
201
201
201
201
201
0
0
196
196
196
196
196
0
203
203
203
203
203
0
201
201
201
201
201
0
202
202
202
202
202
0
196
196
196
196
196
0
203
203
203
203
203
201
196
80
80
80
80
80
148
148
148
148
148
148
148
148
148
148
148
148
148
148
148
148
204
204
204
204
204
204
204
204
204
204
204
204
204
204
204
204
80
80
80
80
80
80
80
80
80
80
80
80
80
80
80
80
77
77
205
205
77
77
77
77
205
205
205
205
77
77
77
77
205
205
77
77
77
77
205
205
205
205
205
205
206
207
206
207
207
207
207
207
207
148
148
148
148
148
148
148
148
148
148
148
148
148
148
148
148
148
148
148
148
148
148
148
148
148
148
148
148
148
148
148
148
204
204
204
204
204
204
204
204
204
204
204
204
204
204
204
204
204
204
204
204
204
204
204
204
204
204
204
204
204
204
204
204
77
77
77
77
77
77
77
77
77
77
77
77
77
77
77
77
77
77
71
80
87
209
80
77
148
111
137
137
137
137
137
137
137
137
137
137
137
137
137
137
137
137
148
148
148
148
148
148
148
148
148
148
148
148
148
148
148
148
137
137
137
137
134
134
180
180
179
179
39
39
110
110
111
111
137
137
137
137
134
134
180
180
179
179
39
39
111
111
39
39
179
179
179
179
179
179
179
179
179
179
179
179
179
179
179
179
0
0
0
0
0
0
0
0
0
0
0
0
0
0
0
0
0
0
0
0
0
0
0
0
0
0
148
148
148
148
148
148
148
148
148
148
148
148
148
137
137
137
137
134
134
180
180
179
179
39
39
110
110
111
111
137
137
137
137
134
134
180
180
179
179
39
39
111
111
39
39
179
179
179
179
179
179
179
179
179
179
179
179
179
179
179
179
0
0
0
0
0
0
0
0
0
0
0
0
0
0
0
0
0
0
0
0
0
0
0
0
0
0
148
148
148
148
148
179
134
134
0
28
28
28
28
28
28
28
28
0
0
134
134
134
134
134
0
28
101
101
101
101
101
101
101
0
0
54
55
53
134
134
134
134
143
143
134
134
134
134
143
143
0
0
143
143
0
0
134
134
143
143
134
134
37
6
37
54
55
134
134
134
134
134
134
134
143
143
134
134
134
134
143
143
0
0
143
143
0
0
134
134
143
143
134
134
37
6
37
54
55
134
134
134
134
134
134
134
143
143
134
134
134
134
143
143
0
0
143
143
0
0
134
134
143
143
134
134
37
6
37
54
55
134
134
134
134
134
134
134
143
143
134
134
134
134
143
143
0
0
143
143
0
0
134
134
143
143
134
134
37
6
37
54
55
134
134
134
134
134
134
134
37
37
134
134
134
134
37
37
0
0
37
37
0
0
134
134
37
37
37
37
37
6
37
54
55
134
134
134
134
134
134
134
37
37
134
134
156
134
143
37
55
134
156
45
96
0
37
37
55
134
134
96
45
0
143
163
96
224
224
154
154
227
221
45
6
181
45
45
6
154
154
88
96
43
96
45
0
43
37
37
45
137
137
27
27
44
44
48
48
37
37
55
55
137
137
55
55
37
37
45
45
37
37
55
55
137
137
55
55
37
37
45
45
37
37
55
55
137
137
55
55
37
37
45
45
37
37
55
55
137
137
137
134
37
45
27
27
27
27
27
27
88
88
54
54
223
223
118
118
55
55
221
221
137
137
137
134
37
45
27
27
27
27
27
27
88
88
54
54
223
223
118
118
55
55
221
221
137
137
137
134
228
213
27
27
27
27
27
27
88
88
229
230
223
223
118
118
231
232
221
221
110
110
231
156
233
233
39
39
234
194
55
55
175
175
45
45
37
37
55
55
235
235
137
137
55
55
37
37
181
181
55
45
37
55
162
162
88
181
96
227
236
240
19
37
37
245
245
245
245
3
3
6
6
3
3
6
6
218
218
218
218
218
218
218
218
245
245
245
245
3
3
248
248
248
248
248
248
248
248
248
248
3
3
3
3
0
0
38
38
6
6
38
38
6
6
38
38
6
6
38
38
6
6
38
6
36
6
38
45
10
181
10
181
42
181
42
52
0
42
0
0
0
0
0
0
38
6
113
113
113
113
113
0
0
0
245
245
6
6
245
245
6
6
246
246
6
6
246
246
6
6
6
6
249
249
6
6
247
247
6
6
247
247
6
6
245
245
6
6
245
245
6
6
246
246
6
6
246
246
6
6
6
6
249
249
6
6
247
247
6
6
247
247
6
6
245
245
6
6
245
245
6
6
246
246
6
6
246
246
6
6
6
6
6
6
247
247
6
6
247
247
6
6
245
245
6
6
245
245
6
6
246
246
6
246
250
70
73
73
87
87
87
87
87
87
87
87
87
87
87
87
87
87
71
71
87
87
70
70
70
70
70
70
70
70
70
70
70
70
73
73
87
87
87
87
87
87
87
87
87
87
87
87
87
87
71
71
87
87
70
70
70
70
70
70
70
70
70
70
70
70
73
73
87
87
87
87
87
87
87
87
87
87
87
87
87
87
71
71
87
87
92
92
92
92
92
92
92
92
92
92
92
92
92
92
92
92
92
92
92
92
70
70
70
70
252
252
252
252
252
252
252
252
252
252
252
252
253
253
254
254
255
255
255
255
255
255
255
255
256
256
256
256
257
257
256
256
252
252
252
252
252
252
252
252
252
252
252
252
253
253
254
254
255
255
255
255
255
255
255
255
256
256
256
256
257
257
256
256
252
252
252
252
252
252
252
252
252
252
252
252
253
253
254
254
258
258
70
71
252
92
125
252
92
125
0
252
70
0
134
265
0
53
134
134
134
134
77
69
77
69
266
266
77
69
77
69
77
69
266
266
77
69
77
69
77
69
266
266
77
0
69
69
69
69
266
69
77
69
80
88
80
88
144
144
80
88
80
0
88
88
144
88
80
88
88
88
80
88
144
88
80
88
80
88
80
88
144
144
80
0
39
39
39
39
39
85
39
85
39
85
39
85
39
85
39
85
39
85
39
85
39
85
39
85
39
0
0
0
0
181
181
183
183
267
267
267
267
267
267
267
267
267
267
181
181
0
0
0
0
44
44
267
117
0
39
39
144
264
134
270
270
270
270
270
270
270
270
270
270
270
270
270
270
270
270
270
270
270
96
271
271
271
271
271
271
271
271
271
271
271
6
175
175
175
175
175
175
175
175
175
175
175
175
273
273
273
273
273
273
273
273
273
273
273
273
105
105
105
105
105
105
105
105
105
105
105
0
274
274
274
274
274
274
274
274
274
274
274
228
275
275
275
275
275
275
275
275
275
275
275
274
191
191
191
191
191
191
191
191
191
191
191
191
191
105
105
105
105
105
105
105
105
105
0
0
0
0
0
0
0
0
0
0
0
0
0
0
0
0
0
0
0
0
0
0
0
0
0
270
270
270
270
270
270
270
270
270
270
270
270
270
270
270
270
270
270
270
96
271
271
271
271
271
271
271
271
271
271
271
6
175
175
175
175
175
175
175
175
175
175
175
175
273
273
273
273
273
273
273
273
273
273
273
273
105
105
105
105
191
111
111
111
111
111
111
111
111
110
110
110
110
110
110
110
110
110
110
110
0
110
110
110
110
110
110
110
110
110
110
110
110
110
110
110
0
110
110
110
110
118
118
118
118
39
39
39
39
69
69
69
69
110
110
110
110
276
276
276
276
0
0
0
0
110
110
110
110
110
110
39
0
118
118
118
118
39
39
39
39
69
69
69
69
110
110
110
110
118
118
118
118
118
118
118
118
118
118
118
118
118
118
118
118
69
69
69
69
69
69
69
69
69
69
69
69
69
69
69
69
111
111
111
111
111
111
111
111
111
111
111
111
111
111
111
111
110
110
110
110
110
110
0
0
110
110
110
110
110
110
0
0
276
276
276
276
0
0
0
0
0
0
0
0
0
0
0
0
0
0
0
0
0
0
0
0
0
0
69
111
111
111
111
111
111
111
111
111
111
111
111
111
111
111
111
110
110
110
110
110
69
111
110
111
277
277
277
277
277
262
262
281
67
0
284
283
37
260
260
260
260
283
278
278
278
278
278
45
45
279
132
132
262
37
280
280
280
280
262
262
38
38
281
281
281
281
281
281
281
281
283
38
38
205
205
205
205
205
205
209
77
205
285
285
285
205
45
285
45
37
37
277
277
277
277
277
277
277
277
262
262
281
67
0
287
38
284
284
284
284
38
38
288
288
288
288
288
288
73
73
288
98
99
99
288
73
99
279
287
287
281
288
82
45
45
188
188
188
188
124
124
208
208
292
292
291
291
291
291
208
208
188
188
188
188
124
124
208
208
292
292
291
291
291
291
208
208
188
188
188
188
124
124
208
208
292
292
291
291
291
291
208
208
188
188
188
188
124
124
208
208
292
292
291
291
291
291
208
208
188
188
188
188
124
124
208
208
292
292
291
291
291
291
208
208
188
188
188
188
124
124
208
208
292
292
291
291
291
291
208
208
188
188
188
188
124
124
208
208
292
292
291
291
291
291
208
208
188
188
188
188
124
124
208
208
292
292
291
291
291
291
208
208
188
188
188
188
124
124
208
208
292
292
291
291
291
291
208
208
188
188
188
188
124
124
208
208
292
292
291
291
291
291
208
208
71
71
71
71
71
71
71
71
73
73
73
73
73
73
73
73
125
125
125
125
0
0
125
125
125
125
125
125
125
125
125
125
71
71
71
71
71
71
71
73
291
188
0
292
124
124
292
124
188
188
296
296
296
299
299
298
298
298
298
299
299
299
299
296
296
296
296
299
299
298
298
137
137
134
134
55
55
297
297
69
69
69
69
134
134
137
137
137
137
134
134
55
55
297
297
69
69
69
69
134
134
298
298
298
298
299
299
299
299
296
296
296
296
299
299
298
298
298
298
299
299
299
299
296
296
296
296
299
299
298
298
137
137
134
134
55
55
297
297
69
69
69
69
134
134
137
137
137
137
134
134
55
55
297
297
69
69
69
69
134
134
143
143
143
143
143
143
143
143
143
143
143
143
143
143
143
143
82
82
143
143
143
143
143
143
143
143
143
143
143
143
143
143
82
82
143
143
143
143
143
143
143
143
143
143
143
143
143
143
82
82
143
143
143
143
143
143
134
134
134
134
134
134
134
134
82
82
143
143
143
143
82
82
143
143
143
143
143
143
143
54
300
53
53
300
134
53
38
229
69
43
53
143
134
141
232
134
181
181
45
0
45
45
54
54
96
96
95
95
10
10
96
96
95
95
96
96
45
45
54
54
96
96
95
95
10
10
96
96
95
95
96
96
43
43
37
37
45
45
181
181
45
45
37
37
181
181
45
45
43
43
37
37
45
45
181
181
45
45
37
37
181
181
45
0
45
45
54
54
96
96
95
95
10
10
96
96
95
95
96
96
45
45
54
54
96
96
95
95
10
10
96
96
95
95
96
96
43
43
37
37
45
0
181
181
45
45
37
37
181
181
45
45
228
228
0
0
181
181
45
45
37
37
181
181
45
0
45
45
54
54
96
96
95
95
10
10
96
96
95
95
96
96
45
45
54
54
96
96
95
95
10
10
0
0
0
0
0
0
43
43
37
37
45
0
181
181
45
45
37
37
181
181
45
45
43
43
37
37
45
45
181
181
45
45
37
37
181
181
45
0
43
43
37
45
43
45
45
310
0
45
45
45
240
240
240
240
240
240
240
240
240
282
282
282
282
282
282
282
282
282
282
282
282
315
315
315
315
315
315
315
315
315
315
315
315
320
320
205
205
321
321
321
321
240
240
240
240
240
240
240
240
240
240
240
240
282
282
282
282
282
282
282
282
282
282
282
282
315
315
315
315
315
315
315
315
315
315
315
315
320
320
320
320
320
320
322
322
322
322
322
322
322
322
322
322
322
322
323
323
323
323
323
323
323
323
323
323
323
323
315
315
315
315
315
315
315
315
315
315
315
315
288
288
288
288
288
288
288
288
288
288
288
288
187
187
187
187
187
187
187
187
187
187
187
187
240
240
240
240
240
240
240
240
240
240
288
288
288
288
288
288
288
288
288
288
288
288
288
288
288
288
288
288
288
288
288
288
288
288
240
240
240
240
240
240
240
240
240
240
240
269
63
63
323
325
240
39
326
326
326
326
326
326
145
145
0
0
326
326
326
326
39
39
39
39
118
118
118
118
152
152
152
152
145
145
145
145
118
118
152
152
152
152
152
152
152
152
118
118
148
148
148
148
39
39
326
326
326
326
145
145
145
145
39
39
326
326
326
326
326
326
145
145
0
0
326
326
326
326
39
39
39
39
118
118
118
118
152
152
152
152
145
145
145
145
118
118
152
152
152
152
152
152
152
152
118
118
152
152
152
152
118
118
118
118
39
39
326
326
326
326
145
145
145
145
39
39
326
326
326
326
326
326
145
145
0
0
326
326
326
326
39
39
39
39
118
118
118
118
152
152
152
152
145
145
145
145
118
118
152
152
152
152
152
152
152
152
118
118
148
148
148
148
39
39
85
85
85
85
85
85
85
85
39
39
85
85
85
85
85
85
175
133
119
326
145
39
152
145
0
37
118
0
0
327
327
327
328
328
41
41
137
137
137
137
137
137
137
137
137
137
137
137
137
137
239
239
239
239
239
239
239
239
239
239
239
239
239
239
239
239
239
239
239
239
239
239
137
137
137
137
239
239
239
239
329
329
316
316
118
118
0
0
327
327
327
327
328
328
228
228
329
329
329
329
308
308
308
308
308
308
308
308
329
329
331
331
118
118
0
0
327
327
327
327
228
228
332
332
332
332
118
118
0
0
56
56
56
56
118
333
327
70
96
10
10
42
42
42
42
42
42
42
42
42
42
42
42
42
0
0
0
180
5
5
0
4
6
6
0
4
4
4
4
5
5
5
5
180
180
180
180
88
88
88
88
118
118
118
118
297
297
297
0
111
111
111
0
276
276
276
0
0
0
0
0
276
276
276
276
276
276
276
276
276
276
276
276
276
276
0
0
0
0
0
0
0
0
0
0
0
0
0
0
186
141
0
328
0
141
141
0
141
0
141
0
112
141
109
139
150
0
150
150
150
0
150
150
109
139
141
307
112
141
109
139
141
0
141
141
141
0
141
141
109
139
141
307
208
72
0
73
72
342
208
19
0
208
160
160
14
14
160
160
160
160
14
14
160
160
160
160
14
14
160
160
160
160
14
14
160
160
14
14
160
160
345
345
346
346
346
346
345
345
346
346
346
346
345
345
346
346
346
346
345
345
346
346
346
346
345
345
346
346
345
345
346
346
345
345
346
346
346
346
345
345
346
346
346
346
345
345
346
346
346
346
345
345
346
346
346
346
345
345
346
346
345
345
346
346
345
345
346
346
346
346
345
345
346
346
346
346
345
345
346
346
346
346
345
345
346
346
346
346
345
345
346
346
345
345
346
346
345
345
346
346
346
346
345
345
346
346
346
346
345
345
346
346
346
346
345
345
346
346
346
346
345
345
346
346
345
345
346
346
345
345
181
181
181
181
238
238
238
238
8
8
8
8
8
8
8
8
8
8
219
219
219
219
219
219
219
219
346
345
80
80
80
80
0
0
0
0
0
0
80
0
310
310
310
310
310
310
349
349
349
349
349
349
349
349
349
349
349
349
332
332
332
332
332
332
332
332
332
332
332
332
87
87
22
22
22
22
22
22
22
22
22
22
349
349
349
349
349
349
349
349
349
350
350
350
351
351
351
351
351
352
352
352
352
349
349
349
349
349
349
349
349
350
350
350
350
351
351
351
351
351
352
352
352
352
349
349
349
349
349
349
349
349
350
350
350
350
23
23
23
23
23
23
23
23
23
23
23
23
288
288
288
288
288
288
288
288
288
288
288
288
22
22
22
22
22
22
22
22
22
22
22
22
22
22
22
350
238
350
349
353
349
0
0
0
349
349
0
0
349
349
353
349
0
0
0
354
103
23
23
23
23
302
302
302
23
23
23
27
27
310
310
23
349
351
144
144
121
0
134
134
73
0
266
266
266
266
77
77
77
77
266
266
121
0
134
134
73
0
266
266
266
266
77
77
77
77
266
266
305
0
39
39
207
0
356
356
356
356
207
207
207
207
356
356
305
0
39
39
207
0
356
356
356
356
207
207
207
207
356
356
121
0
134
134
73
0
266
266
266
266
77
77
77
77
266
266
121
0
134
134
73
0
266
266
266
266
77
77
77
77
266
266
121
0
134
134
73
0
266
266
266
266
77
77
77
77
266
266
121
0
134
134
73
0
266
266
266
266
77
77
77
77
266
266
121
0
134
134
73
0
266
266
266
266
77
77
77
77
266
266
121
0
134
134
73
0
266
266
266
266
77
77
77
77
266
266
119
0
54
54
80
0
144
144
144
144
80
80
80
80
144
144
119
0
54
54
80
0
144
144
144
144
80
80
80
80
144
144
121
0
134
134
73
266
0
39
86
39
212
73
77
266
77
77
357
357
121
121
357
357
357
357
69
69
77
77
77
77
77
77
357
357
121
121
357
357
357
357
69
69
77
77
77
77
77
77
357
357
121
121
357
357
357
357
69
69
77
77
77
77
77
77
357
357
121
121
357
357
357
357
69
69
77
77
77
77
77
77
357
357
121
121
357
357
357
357
69
69
77
77
77
77
77
77
357
357
121
121
357
357
357
357
69
69
77
77
77
77
77
77
357
357
357
357
357
357
357
357
121
121
77
77
77
77
77
77
357
357
357
357
357
357
357
357
121
121
77
77
77
77
77
77
357
357
357
357
357
357
357
357
121
121
77
77
77
77
77
77
357
357
357
357
357
357
357
357
121
121
77
77
77
77
77
77
357
357
357
357
357
357
357
357
121
121
77
77
77
77
77
77
357
357
357
357
357
357
357
357
121
121
77
77
77
77
77
77
357
357
357
357
357
357
77
357
357
72
121
73
333
333
204
204
204
204
333
333
204
204
80
80
80
80
144
144
80
80
80
80
144
144
335
335
335
335
335
335
335
335
335
335
335
335
335
335
143
143
361
361
361
361
361
361
361
361
361
361
361
361
157
157
157
157
204
204
204
204
204
204
80
80
80
80
144
144
80
80
80
80
144
144
335
335
335
335
335
335
335
335
335
335
335
335
208
208
134
134
0
0
0
0
37
37
37
37
37
37
37
37
146
146
146
146
146
146
146
146
125
125
125
125
125
125
125
125
208
208
208
208
208
208
146
146
204
204
70
80
208
125
134
80
204
367
367
367
367
367
367
367
367
367
367
367
367
0
0
0
194
194
190
370
190
194
373
373
373
373
373
373
373
373
373
373
373
373
373
373
373
373
373
373
373
0
0
0
0
0
0
0
81
81
374
374
374
81
375
375
375
375
375
375
375
375
375
375
375
375
375
375
375
375
375
375
375
375
375
375
375
81
81
0
81
376
376
376
376
376
376
376
376
376
376
376
376
376
376
376
376
376
81
81
81
81
81
374
374
374
81
377
377
377
377
377
377
377
377
377
377
377
377
377
377
377
377
377
377
377
377
377
377
377
81
81
81
375
377
144
294
294
142
142
380
305
69
121
88
121
39
118
118
146
118
153
153
131
109
125
125
133
186
186
71
71
381
240
80
80
73
73
73
253
321
288
226
332
332
332
332
332
332
280
0
207
208
208
208
332
332
332
332
334
186
332
52
52
52
52
52
36
36
38
38
10
10
42
42
42
42
113
113
52
42
42
113
113
113
113
113
113
113
113
113
113
113
113
113
113
113
113
131
42
42
0
0
0
0
0
0
0
0
0
0
0
0
181
10
10
0
0
47
47
386
386
47
47
7
7
47
47
386
386
47
47
7
7
47
47
386
386
47
47
7
7
47
47
386
386
47
47
7
7
47
47
386
386
47
47
7
7
47
47
386
386
47
47
7
7
47
47
386
386
47
47
7
7
47
47
386
386
47
47
7
7
47
47
386
386
47
47
7
7
47
47
386
386
47
47
7
7
47
47
386
386
47
47
7
7
47
47
386
386
47
47
7
7
47
47
386
386
47
47
7
7
47
47
386
386
47
47
7
7
47
47
386
386
47
47
7
7
47
47
386
386
47
47
7
7
47
47
386
386
47
47
7
7
7
7
47
47
386
386
47
47
7
7
47
47
386
7
47
47
386
386
47
47
7
7
47
47
386
386
47
47
7
7
47
47
386
386
47
47
7
47
80
87
87
87
87
87
87
87
87
87
87
87
87
87
87
87
87
87
87
87
87
87
118
87
87
271
271
271
271
271
6
125
125
125
125
125
125
125
125
125
125
125
125
125
109
109
110
71
71
71
71
71
71
71
71
71
71
71
71
71
71
71
80
87
87
87
87
87
87
87
87
87
87
87
87
87
87
87
87
87
87
149
87
148
87
87
87
87
87
87
87
0
0
0
119
119
119
119
119
119
119
119
119
119
0
0
0
0
147
164
387
387
87
125
87
183
0
96
125
87
71
125
333
0
70
70
93
93
93
93
93
93
93
93
93
93
70
70
71
71
70
70
93
93
93
93
93
93
93
93
93
93
70
70
71
71
70
70
93
93
93
93
93
93
93
93
93
93
70
70
71
71
70
70
93
93
93
93
93
93
93
93
93
93
70
70
71
71
70
70
93
93
93
93
93
93
93
93
93
93
70
70
71
71
70
70
93
93
93
93
93
93
93
93
93
93
70
70
71
71
70
70
93
93
93
93
93
93
93
93
93
93
70
70
71
71
70
70
93
93
93
93
93
93
93
93
93
93
70
70
71
71
70
70
93
93
93
93
93
93
93
93
93
93
70
70
71
71
70
70
93
93
93
93
93
93
93
93
93
93
124
124
124
124
394
394
394
394
394
394
293
293
70
70
87
87
87
87
70
70
70
70
293
293
293
293
93
93
293
293
70
70
87
87
14
14
87
87
70
70
70
70
70
293
124
70
93
70
87
70
93
93
70
87
70
93
70
70
93
93
289
289
289
289
289
289
289
0
0
401
401
401
401
401
401
401
401
401
401
401
401
10
10
96
96
15
15
282
179
67
67
15
15
43
95
47
396
396
396
396
396
396
396
396
396
396
396
396
396
396
0
0
98
98
98
98
98
98
99
99
69
69
112
112
112
112
105
0
397
397
397
397
397
397
397
397
397
397
397
397
397
45
42
46
69
399
45
0
400
400
400
400
400
400
400
400
400
400
38
72
395
397
307
36
40
40
40
40
40
40
273
273
273
273
90
90
90
90
307
307
405
405
405
405
293
293
405
405
405
405
405
405
405
405
293
293
293
293
406
406
406
406
406
406
293
293
17
297
90
180
67
93
90
85
79
246
54
0
85
111
407
69
110
110
69
69
39
39
87
87
87
87
255
255
255
255
73
73
73
73
73
73
71
71
88
88
408
408
409
409
73
73
73
73
73
73
73
73
88
88
118
118
88
88
141
141
150
150
150
150
150
150
118
118
276
276
276
276
276
276
276
276
150
150
150
150
150
150
150
150
150
150
150
150
150
150
150
150
5
5
5
5
5
5
5
5
141
141
141
141
141
141
141
141
88
88
88
88
80
80
80
80
257
257
257
257
257
257
257
257
69
69
69
69
69
69
305
305
69
69
69
69
69
69
305
305
69
69
410
410
410
410
69
69
69
69
411
411
411
411
412
412
408
408
408
408
73
80
141
80
69
39
0
413
413
413
413
224
224
224
224
414
414
415
415
415
415
414
414
226
226
415
415
415
415
413
413
224
6
69
0
69
0
413
413
413
413
413
413
224
224
224
224
414
414
415
415
415
415
414
414
226
226
415
415
415
415
413
413
224
6
69
0
69
0
413
413
413
413
413
413
224
224
224
224
224
224
103
103
103
103
0
0
0
0
0
0
0
0
0
0
0
0
0
0
0
0
0
0
0
0
0
0
413
416
416
416
416
75
75
75
75
226
226
75
75
75
75
149
69
69
69
69
310
310
413
413
413
413
416
416
416
416
75
75
75
75
226
226
75
75
75
75
149
69
69
69
69
310
310
413
413
413
413
416
416
416
416
75
75
75
75
226
226
75
75
75
75
75
226
75
75
109
69
226
417
417
421
421
421
421
421
421
421
421
421
421
421
421
421
421
87
87
87
87
87
87
87
87
87
87
87
87
87
87
87
87
71
71
71
71
71
71
71
71
71
71
71
71
71
71
71
71
349
349
349
349
349
349
349
349
309
309
309
309
309
309
309
309
317
317
317
317
317
317
317
317
313
313
313
313
313
313
8
313
393
8
313
313
238
310
310
310
310
310
310
223
310
310
223
310
310
221
350
350
350
350
350
350
362
350
309
422
309
309
309
309
422
309
332
332
332
332
332
332
334
0
332
332
332
228
334
312
312
312
312
312
312
110
312
110
312
312
312
312
110
22
22
22
22
22
22
118
22
146
118
22
22
110
423
69
424
69
312
312
110
310
310
124
425
137
118
280
280
280
280
280
280
280
280
280
280
280
280
280
280
280
280
280
280
280
280
280
427
427
427
427
71
71
240
240
240
240
240
240
240
240
240
240
240
240
240
240
240
240
240
240
240
240
240
240
240
240
240
240
426
426
426
426
426
426
280
280
280
280
280
280
280
280
280
280
280
280
280
280
280
280
280
280
280
280
280
280
280
280
280
280
427
427
427
427
71
71
240
240
240
240
240
240
240
240
240
240
240
240
240
240
240
240
240
240
240
240
240
240
240
240
240
240
426
426
426
426
426
426
280
280
280
280
280
280
280
280
280
280
280
280
280
280
280
280
280
280
280
280
280
280
280
280
280
280
427
427
427
427
71
71
240
240
240
240
240
240
240
240
240
240
240
240
240
240
240
240
240
240
240
240
240
240
240
240
240
240
240
280
240
240
280
240
4
4
37
370
0
428
428
0
37
370
428
0
0
428
428
0
428
428
428
0
0
0
430
430
430
430
430
430
430
430
431
431
431
431
431
431
431
431
48
48
48
48
48
48
48
48
48
48
48
48
48
48
48
48
48
48
48
48
48
48
48
48
48
48
183
432
432
432
432
432
432
432
432
432
432
432
432
432
432
183
432
432
432
183
432
432
432
432
432
432
432
432
432
431
431
431
431
431
431
431
431
48
0
0
0
0
0
0
0
0
0
0
0
0
0
0
0
0
0
0
0
0
0
0
0
0
141
141
141
141
134
134
0
39
39
39
39
433
88
88
88
137
137
137
141
134
134
134
88
88
88
88
39
39
88
88
137
137
137
137
134
134
0
88
88
88
88
39
39
88
0
137
137
137
137
215
134
88
141
378
134
134
434
434
434
434
141
39
141
69
69
69
69
69
69
69
69
69
69
71
71
73
73
69
69
69
69
69
69
69
69
69
69
69
69
71
71
73
73
69
69
69
69
69
69
71
71
0
0
0
0
0
0
82
82
82
82
71
71
71
71
0
0
0
0
0
0
0
0
73
73
73
73
73
73
73
71
71
71
71
71
71
71
71
71
82
82
82
82
82
82
82
73
73
73
73
73
73
73
73
73
73
73
73
73
73
73
73
71
71
71
71
71
71
71
71
71
82
82
82
82
82
82
82
73
73
73
73
73
73
73
73
73
73
73
73
73
73
73
73
71
71
71
71
71
71
71
71
71
82
82
82
82
82
82
82
73
73
73
73
73
73
73
73
73
73
73
73
73
73
73
73
71
71
71
71
71
71
71
71
71
82
82
82
82
82
82
82
73
73
73
73
73
73
73
73
73
73
73
73
73
73
73
73
71
71
71
71
71
82
82
73
82
73
73
73
253
73
71
73
71
0
390
390
390
390
0
118
118
118
118
118
118
118
118
118
118
118
118
415
415
69
69
69
69
69
69
69
69
69
69
69
69
69
69
437
437
438
438
438
438
437
437
438
438
438
438
437
437
438
438
142
142
137
137
137
137
137
137
137
137
137
137
137
137
137
137
118
118
118
118
118
118
118
118
118
118
118
118
118
118
415
415
69
69
69
69
69
69
69
69
69
69
69
69
69
69
437
437
438
438
438
438
437
437
438
438
438
438
437
437
438
438
87
87
148
148
148
148
148
148
148
148
87
87
148
148
87
87
148
148
148
148
148
148
148
148
148
148
148
148
148
148
148
148
73
73
77
77
77
77
77
77
77
77
73
73
77
77
73
73
77
77
77
77
77
77
77
77
77
77
77
77
77
77
77
77
87
87
148
148
87
87
148
148
148
148
87
87
148
148
87
87
148
148
148
148
148
148
148
148
87
87
148
87
207
77
142
294
73
204
357
0
141
73
204
399
204
0
245
245
6
6
6
6
6
6
248
248
6
6
248
248
6
6
439
439
439
439
439
439
439
439
245
245
6
6
245
245
6
6
246
246
246
246
440
440
251
251
6
6
251
251
6
6
250
250
6
6
250
250
6
6
245
245
6
6
245
245
6
6
246
246
6
6
246
246
6
6
251
251
6
6
251
251
6
6
250
250
6
6
250
250
6
6
245
245
6
6
245
245
6
6
246
246
6
6
246
246
6
6
251
251
6
6
251
251
6
6
250
250
6
6
250
250
6
6
245
245
6
6
245
245
6
6
246
246
6
6
246
246
6
6
251
251
6
6
251
251
6
6
250
250
6
6
250
250
6
6
251
251
6
6
251
251
6
6
6
6
441
441
6
6
251
251
6
6
251
251
6
6
250
250
6
6
250
250
6
6
441
441
441
441
441
441
441
441
251
251
444
250
53
4
4
4
4
4
53
180
180
180
180
0
0
0
0
179
180
180
180
180
180
180
179
179
180
180
180
180
180
180
53
53
4
4
4
4
4
53
65
65
65
65
72
72
72
72
64
64
64
64
297
297
297
297
297
297
297
297
297
297
297
297
297
297
297
297
297
297
297
297
297
297
297
297
297
0
297
297
297
297
297
297
297
297
179
179
180
180
180
180
180
180
179
179
180
180
180
180
180
180
53
53
4
4
4
4
4
53
180
180
180
180
0
0
0
0
179
179
180
180
180
180
180
180
179
179
180
180
180
180
180
180
53
53
4
4
4
4
4
53
4
4
4
4
0
0
0
0
179
179
180
180
180
180
180
180
179
179
180
180
180
180
180
180
53
53
4
4
4
4
4
53
65
65
65
65
72
72
72
72
64
64
64
64
297
179
0
180
14
14
14
15
7
46
210
45
45
45
45
181
181
96
96
96
96
96
96
55
55
55
55
45
45
55
55
53
53
96
96
53
53
53
53
134
134
134
134
45
45
45
45
181
181
96
96
45
45
45
45
220
220
220
220
45
45
134
134
54
54
96
96
181
181
45
45
134
134
134
134
45
45
45
45
181
181
96
96
45
45
45
45
220
220
220
220
45
45
134
134
54
54
105
105
175
175
175
175
134
134
134
134
45
45
45
45
181
181
96
96
45
45
45
45
220
220
220
220
45
45
134
134
54
54
96
96
181
181
45
45
134
134
134
134
45
45
45
45
181
181
96
96
96
96
96
96
55
55
55
55
45
45
55
55
53
53
96
96
53
53
53
53
183
183
183
183
183
448
448
448
448
183
448
447
448
448
183
448
448
183
183
448
0
0
0
0
0
0
0
0
0
0
0
0
0
0
230
230
230
88
72
71
79
257
54
69
0
54
54
55
55
53
53
88
88
137
137
134
134
55
55
137
137
134
134
53
53
137
137
88
88
137
137
134
134
55
55
137
137
134
134
53
53
137
137
88
88
0
0
134
134
55
55
0
0
134
134
53
53
0
0
88
88
0
0
54
54
55
55
53
0
54
54
55
55
53
53
88
88
0
0
0
0
0
0
0
0
0
0
110
161
161
161
161
110
110
161
161
69
69
121
121
121
121
69
69
180
180
118
118
39
39
69
69
137
137
207
207
207
207
137
137
207
207
207
207
137
137
207
207
141
137
55
0
53
0
454
153
153
153
153
153
153
153
153
153
153
128
128
128
128
128
128
128
128
136
136
136
136
136
136
136
136
108
108
108
108
108
108
108
108
108
108
108
108
108
108
108
108
108
108
108
108
108
108
108
108
108
108
108
108
108
108
108
108
455
455
455
455
455
455
455
455
455
455
455
455
456
456
456
456
456
456
456
456
456
456
22
22
22
22
22
22
457
457
457
457
457
457
153
457
153
153
455
455
455
455
455
455
455
455
455
455
455
455
456
110
293
293
293
293
0
459
0
459
0
459
0
459
0
125
125
125
125
125
460
460
0
460
14
14
14
14
0
14
14
0
14
14
0
14
14
0
293
293
293
293
293
293
293
293
0
293
459
459
459
87
0
459
459
0
459
459
0
459
459
0
293
293
293
293
293
293
293
293
0
293
460
460
460
460
0
460
460
0
460
460
0
460
460
0
293
293
293
293
293
293
293
293
0
293
459
459
459
459
0
459
459
0
459
459
0
459
459
0
125
125
125
125
125
125
460
460
0
460
14
14
14
14
0
14
14
0
14
14
0
14
14
0
87
87
0
87
87
0
87
87
0
87
87
0
87
87
0
87
87
0
87
87
0
87
87
0
293
293
0
293
293
0
293
293
0
293
0
460
0
14
14
14
14
0
14
14
0
14
14
0
14
14
0
343
93
93
93
93
72
72
72
72
72
72
72
72
93
93
93
93
93
93
93
93
72
72
72
72
72
72
72
72
93
93
93
93
93
93
93
93
93
93
93
93
93
93
93
93
15
15
15
15
15
15
15
15
15
15
15
15
15
15
15
15
14
14
14
14
14
14
14
14
14
14
14
14
14
14
14
14
93
93
93
93
93
93
93
93
93
93
93
93
93
93
93
93
124
124
124
124
124
124
124
124
124
124
0
0
0
0
0
0
15
15
15
15
15
15
15
15
15
15
15
15
15
15
15
15
461
461
461
461
461
461
461
461
461
461
461
461
461
461
461
461
93
93
93
93
93
93
93
93
72
72
72
72
72
72
72
72
93
93
93
93
93
93
93
93
72
72
72
72
72
72
72
72
93
93
93
93
93
93
93
93
72
72
72
72
72
72
72
72
93
93
93
93
93
93
93
93
72
72
72
72
15
93
139
179
93
461
0
15
15
15
15
15
0
93
93
93
93
93
0
14
14
14
14
14
0
394
394
394
394
394
0
15
15
15
15
15
0
93
93
93
93
93
0
14
14
14
14
14
0
394
394
394
394
394
0
15
15
15
15
15
0
93
93
93
93
93
0
87
87
87
87
87
0
394
394
394
394
394
0
15
15
15
15
15
0
93
93
93
93
93
0
14
14
14
14
14
0
87
87
87
87
87
87
87
87
87
87
87
87
87
87
87
87
87
87
87
87
87
87
87
87
394
394
394
394
394
0
15
15
15
15
15
0
93
93
93
93
93
0
14
14
14
14
14
0
394
394
394
394
394
0
15
15
15
15
15
0
93
93
93
93
93
0
87
87
87
87
87
0
394
394
394
394
394
0
15
15
15
15
15
93
15
15
93
15
93
292
15
124
394
124
178
178
399
399
399
399
77
77
145
145
331
331
378
378
145
145
145
145
134
134
145
145
145
145
331
331
464
464
464
464
464
464
53
53
53
53
53
53
53
53
181
181
181
181
181
181
181
181
181
181
181
181
181
181
181
181
0
0
0
0
0
0
0
0
0
0
0
0
0
0
0
0
0
0
0
95
95
95
95
95
465
465
465
465
465
465
37
37
37
37
181
181
181
95
37
166
147
467
381
183
37
22
22
22
22
22
22
22
22
22
22
22
22
22
184
184
22
22
22
22
269
269
269
269
269
269
269
269
269
269
269
269
269
269
269
269
269
269
269
269
269
269
269
269
184
184
269
269
269
269
269
269
269
269
269
269
269
269
269
269
269
269
269
269
269
269
269
269
269
269
269
269
269
269
184
184
269
269
269
269
318
318
318
318
318
318
318
318
318
318
318
318
318
318
318
318
318
318
318
318
318
318
318
318
318
318
318
318
0
470
470
470
470
470
470
470
470
470
470
470
470
470
470
470
470
470
470
470
470
470
470
470
470
470
470
470
470
470
470
470
470
470
470
470
470
470
470
470
470
470
470
470
470
470
470
470
470
470
470
470
470
470
470
470
470
269
45
45
213
213
471
471
301
301
301
301
213
213
220
220
220
220
45
45
213
213
471
471
301
301
301
301
213
213
220
220
220
220
220
220
213
213
471
471
301
301
301
301
213
213
220
220
220
220
45
45
213
213
471
471
301
301
301
301
213
213
220
220
220
220
45
45
213
213
471
471
301
301
301
301
213
213
220
220
220
220
45
45
213
213
471
471
301
301
301
301
213
213
45
45
220
220
134
134
134
134
134
134
134
134
134
134
134
134
378
378
378
378
134
134
134
134
134
134
134
134
134
134
134
134
378
378
378
378
134
134
134
134
134
134
134
134
134
134
134
134
378
378
378
378
134
134
134
134
134
134
134
134
134
134
134
134
220
220
134
134
134
134
220
220
134
134
134
134
134
134
220
220
134
134
134
134
134
134
220
220
134
53
331
45
471
261
36
220
355
355
355
473
473
473
473
473
473
473
473
473
473
473
473
473
473
474
474
475
475
71
71
71
71
240
240
0
0
354
354
355
355
355
355
473
473
473
473
473
473
473
473
473
473
473
473
473
473
474
474
475
475
71
71
71
71
240
240
0
0
354
354
355
355
355
355
473
473
473
473
473
473
473
473
473
473
473
473
473
473
474
474
475
475
71
71
71
71
240
240
0
0
354
354
355
355
355
355
473
473
473
473
473
473
473
473
473
473
473
473
473
473
474
474
475
475
71
71
71
71
240
240
0
0
354
354
355
355
355
355
473
473
473
473
473
473
473
473
473
473
473
473
473
473
474
474
475
475
71
71
71
71
240
240
0
0
354
354
355
355
355
355
473
473
473
473
473
473
473
473
473
473
473
473
473
473
474
474
475
475
71
71
71
71
240
240
0
0
354
354
355
355
355
355
473
473
473
473
473
473
473
354
355
0
0
20
20
20
20
20
20
0
20
20
0
442
442
0
442
442
0
20
20
0
20
20
0
18
18
0
0
18
18
18
18
18
18
0
0
20
20
20
20
20
20
0
0
442
442
442
0
0
444
444
444
444
444
442
442
442
442
442
442
442
442
478
478
478
478
478
478
0
0
478
478
478
478
478
478
0
0
20
20
20
20
20
20
0
0
20
20
20
20
20
20
0
0
478
478
478
478
478
478
0
0
478
478
478
478
478
478
0
0
20
20
20
20
20
20
0
0
20
20
20
20
20
20
0
0
478
478
478
478
478
478
0
0
478
478
478
478
478
478
0
0
20
20
20
20
20
20
0
0
20
20
20
20
20
20
0
0
20
20
20
20
20
20
477
18
20
20
20
181
181
45
0
45
45
54
54
96
96
95
95
10
10
96
96
95
95
96
96
45
45
54
54
96
96
95
95
10
10
96
96
95
95
96
96
43
43
37
37
45
45
181
181
45
45
37
37
181
181
45
45
43
43
37
37
45
45
181
181
45
45
37
37
181
181
45
0
45
45
54
54
96
96
95
95
10
10
96
96
95
95
96
96
45
45
54
54
96
96
95
95
10
10
96
96
95
95
96
96
43
43
37
37
45
0
181
181
45
45
37
37
181
181
45
45
43
43
37
37
45
45
181
181
45
45
37
37
181
181
45
0
45
45
54
54
96
96
95
95
10
10
96
96
95
95
96
96
45
45
54
54
96
96
95
95
10
10
0
0
0
0
0
0
43
43
37
37
45
0
181
181
45
45
37
37
181
181
45
45
43
43
37
37
45
45
181
181
45
45
37
37
181
181
45
0
43
43
37
45
43
45
45
310
0
45
45
45
44
0
16
16
479
479
480
480
480
480
479
479
479
479
480
480
7
7
7
7
7
7
297
297
297
297
64
64
273
273
58
58
58
58
273
273
12
12
59
59
273
273
12
12
59
59
58
58
58
58
273
273
89
89
89
89
111
111
111
111
111
111
180
180
479
479
479
479
480
480
479
479
16
16
297
297
297
297
64
64
273
273
58
58
58
58
273
273
12
12
59
59
273
273
12
12
59
59
58
58
58
58
273
273
64
64
111
111
111
111
16
16
479
479
480
480
480
480
479
479
479
479
480
480
7
7
7
7
7
7
297
297
297
297
64
64
273
273
58
58
58
58
273
273
12
12
59
59
273
273
12
12
59
59
58
58
58
58
273
273
89
89
89
89
111
59
64
480
71
71
71
71
71
208
208
208
208
228
228
228
228
69
69
69
69
118
118
118
118
208
208
208
208
208
208
208
208
208
208
208
208
208
208
208
208
125
125
125
125
125
125
125
125
125
125
125
125
125
125
125
125
71
71
71
71
71
71
71
71
71
71
71
71
71
71
71
71
208
208
208
208
228
228
228
228
69
69
69
69
118
118
118
118
207
207
0
207
207
0
207
207
0
207
207
0
137
137
287
287
207
207
0
207
207
0
207
207
0
207
207
0
207
207
137
137
0
207
207
0
207
207
0
207
207
0
207
207
137
137
39
39
382
382
0
382
382
0
382
382
0
382
382
0
382
382
137
137
0
382
382
0
382
382
0
382
382
0
382
382
137
137
146
146
207
207
0
207
207
0
207
207
0
207
207
0
207
207
137
137
0
207
207
0
137
39
39
382
382
0
382
382
0
382
0
382
0
382
137
125
0
382
45
45
45
37
37
55
55
55
55
55
55
55
55
55
55
55
55
55
55
55
55
55
55
55
0
0
0
0
0
175
175
175
175
175
175
175
175
175
175
175
175
27
27
27
27
27
27
27
27
27
27
27
27
27
27
27
27
27
27
27
27
27
27
27
27
27
27
27
27
27
0
137
137
0
0
137
137
454
454
454
454
454
454
449
449
449
449
449
53
0
137
137
436
436
436
436
436
436
179
481
481
481
481
0
137
137
454
454
454
454
454
454
449
449
449
449
449
53
0
179
481
121
53
53
276
0
46
96
48
95
117
117
181
95
143
143
137
85
482
236
236
236
482
482
482
82
45
45
302
302
365
365
163
163
214
214
96
96
163
163
163
163
45
45
302
302
365
365
163
163
214
214
96
96
163
163
163
163
482
482
482
82
214
214
96
96
163
163
163
163
45
45
302
302
365
365
163
163
214
214
96
96
163
163
163
163
43
43
166
166
236
236
213
213
236
236
236
236
236
228
43
43
166
166
236
236
213
213
236
236
236
236
236
228
45
45
302
302
365
365
163
163
214
214
96
96
163
163
163
163
45
45
302
302
365
365
163
163
214
214
96
96
163
163
163
163
234
234
371
371
484
234
234
371
371
221
214
22
163
188
188
188
188
124
124
208
208
292
292
291
291
291
291
208
208
188
188
188
188
124
124
208
208
292
292
291
291
208
208
487
487
487
487
487
487
295
295
295
295
208
208
291
291
208
208
487
487
487
487
487
487
295
295
295
295
208
208
292
124
188
487
0
0
0
0
179
179
180
180
180
180
180
180
179
179
180
180
180
180
180
180
53
53
4
4
4
4
4
53
180
180
180
180
0
0
0
0
179
179
180
180
180
180
180
180
179
179
180
180
180
180
180
180
53
53
4
4
4
4
4
53
65
65
65
65
72
72
72
72
64
64
64
64
297
297
297
297
297
297
297
297
297
297
297
297
297
297
297
297
297
297
297
297
297
297
297
297
297
0
297
297
297
297
297
297
297
297
491
491
491
491
491
491
491
491
491
491
491
491
491
491
0
0
491
491
491
491
491
491
491
491
14
91
77
77
77
77
77
77
77
77
77
77
77
77
77
77
77
77
77
77
77
77
77
77
77
77
77
77
77
77
77
77
77
77
77
77
77
77
77
77
77
77
77
77
77
77
359
359
73
73
73
73
73
73
73
73
73
73
359
359
73
73
73
73
73
73
73
73
73
73
359
359
73
73
73
73
73
73
359
359
73
73
73
73
73
73
73
73
73
73
359
359
73
73
73
73
73
73
73
73
73
73
359
359
73
73
73
73
73
73
359
359
73
73
73
73
73
73
73
73
73
73
359
359
73
73
73
73
73
73
73
73
73
73
359
359
73
73
73
73
73
73
359
359
73
73
73
73
73
73
73
73
73
73
359
359
73
73
73
73
73
73
73
73
73
73
359
359
73
73
73
73
73
73
73
73
73
73
73
73
71
71
71
71
71
71
71
71
71
71
71
71
71
71
71
71
80
88
73
80
148
144
80
71
80
112
179
112
77
80
88
148
112
359
77
88
134
55
134
88
134
55
134
88
134
55
134
55
54
6
54
55
54
6
54
55
54
6
54
55
54
6
54
6
96
45
96
6
96
45
96
6
96
45
96
6
96
45
96
45
181
95
181
45
181
95
181
45
181
95
181
45
181
95
181
69
118
88
118
69
118
88
118
69
118
88
118
69
118
88
118
88
134
55
134
88
134
55
134
88
134
55
134
88
134
55
134
55
54
6
54
55
54
6
54
55
54
6
54
55
54
6
54
6
96
45
96
6
96
45
96
6
96
45
96
6
96
45
96
45
181
95
181
45
181
95
181
45
181
95
181
45
181
95
181
69
118
88
118
69
118
88
118
69
118
88
118
69
118
88
118
88
134
55
134
88
134
55
134
88
134
55
134
88
134
55
134
55
54
6
54
55
54
6
54
55
54
6
54
55
54
6
54
6
96
45
96
6
96
45
96
6
96
45
6
69
6
95
45
96
37
45
181
118
118
69
55
88
96
183
69
44
95
179
179
280
280
280
280
280
280
0
0
0
0
280
280
280
280
137
137
337
337
337
337
290
290
494
494
137
137
71
71
71
71
179
179
280
280
280
280
280
280
134
134
133
133
280
280
280
280
137
137
337
337
337
337
290
290
494
494
137
137
71
71
71
71
179
179
280
280
280
280
280
280
0
0
0
0
280
280
280
280
137
137
337
337
337
337
290
290
494
494
137
137
71
71
71
71
179
179
280
280
280
280
280
280
134
134
133
133
337
337
337
337
337
337
137
137
337
337
337
337
337
337
337
337
280
280
280
280
280
280
280
280
96
38
54
54
96
38
37
54
337
337
337
337
337
337
137
137
337
337
337
337
337
337
337
337
280
280
280
280
0
0
0
0
0
0
0
0
0
0
0
0
240
240
240
240
240
240
240
240
240
240
240
240
240
240
69
69
280
280
280
280
280
280
0
0
240
240
240
280
280
280
280
0
77
332
332
288
80
204
349
0
288
73
73
0
258
258
240
240
240
240
240
240
240
240
54
0
0
54
54
54
37
0
6
6
6
6
6
6
0
37
0
37
37
37
37
37
37
37
37
37
37
37
37
37
37
37
37
37
37
37
37
0
46
0
113
113
113
113
113
113
113
113
113
113
113
113
113
95
95
95
95
95
95
95
95
95
95
95
95
95
95
0
0
0
95
43
45
43
0
43
44
95
95
43
45
43
0
45
96
45
96
37
37
96
0
38
54
37
0
134
179
88
88
88
88
88
88
88
0
0
96
96
0
96
96
96
96
96
96
96
96
96
96
96
96
96
96
0
45
45
45
44
0
95
43
45
0
43
45
96
38
45
0
96
0
37
54
53
134
53
0
134
0
53
134
88
179
88
88
88
88
88
88
88
0
53
54
0
54
0
54
54
54
54
54
0
54
37
233
96
37
37
96
96
43
43
95
95
95
95
95
95
45
45
45
45
45
96
96
96
222
43
391
495
495
495
495
495
495
495
495
498
498
498
498
498
498
498
498
498
498
498
498
495
495
495
495
497
497
497
497
498
498
498
498
498
498
498
498
498
498
498
498
497
497
497
497
495
495
495
495
498
498
498
498
498
498
498
498
498
498
498
498
497
497
497
497
500
500
500
500
500
500
500
500
500
500
499
499
495
495
495
495
495
495
495
495
495
495
495
495
498
498
498
498
498
498
498
498
498
498
498
498
495
495
495
495
495
495
495
495
495
495
495
495
498
498
498
498
498
498
498
498
498
498
498
498
495
495
495
495
495
495
495
495
495
495
495
495
498
498
498
498
498
498
498
498
498
498
498
498
495
495
495
495
496
496
496
496
496
496
496
496
496
496
496
496
495
495
495
495
495
495
495
495
495
495
495
498
495
497
498
495
495
166
166
166
166
166
166
166
166
472
472
228
228
228
228
228
228
228
228
228
228
228
228
228
228
472
472
166
166
166
166
166
166
166
166
166
166
166
166
166
166
166
166
472
472
252
252
332
332
501
501
252
252
252
252
252
252
252
252
252
252
252
252
252
252
501
501
332
332
332
332
332
332
332
332
332
332
332
332
332
332
252
252
252
252
252
252
252
252
252
252
252
252
252
252
252
252
252
252
332
332
501
501
252
252
252
252
252
252
252
252
252
252
252
252
252
252
501
501
332
332
332
332
332
332
332
332
332
332
332
332
332
332
252
252
252
252
252
252
252
252
252
252
252
252
252
252
252
252
252
252
384
384
70
70
0
0
70
70
0
0
70
70
0
0
70
70
337
337
70
70
0
0
70
70
0
0
70
0
501
0
384
252
252
70
252
252
472
0
69
69
69
69
0
134
53
109
109
109
109
110
0
45
181
137
0
181
95
466
466
466
466
466
466
466
0
0
441
441
0
0
101
101
101
101
101
101
0
0
0
101
95
101
101
101
0
0
35
35
35
35
35
95
95
95
35
95
35
35
35
95
35
35
35
35
35
35
35
0
0
0
35
95
35
35
35
0
35
0
362
362
362
362
362
181
181
181
362
181
362
362
362
181
362
362
362
362
362
362
362
0
0
0
362
0
362
362
362
0
362
181
101
101
101
101
101
95
95
95
101
95
101
101
101
95
101
101
101
101
101
101
101
0
0
0
101
95
101
101
101
0
101
0
441
441
441
441
441
181
181
181
441
181
441
441
441
181
441
441
441
441
441
441
441
181
181
181
441
181
441
441
441
0
441
0
35
35
35
35
35
0
0
0
35
95
35
35
35
95
35
35
35
35
35
95
35
35
95
95
95
95
35
95
35
35
0
0
0
0
0
0
0
0
0
0
362
362
466
466
109
109
231
0
231
340
186
307
307
307
149
307
307
149
149
307
88
88
186
0
186
149
109
150
150
150
109
150
150
109
109
150
88
88
186
0
186
149
109
150
150
150
109
150
150
109
109
150
112
112
229
0
229
231
220
229
0
229
0
220
231
231
229
186
231
231
231
231
231
340
186
19
217
217
19
229
231
340
340
340
88
88
186
0
186
149
109
150
150
150
109
150
150
109
109
150
88
88
186
0
186
149
109
150
150
150
109
150
150
109
109
150
88
88
186
0
186
149
109
150
150
150
109
150
150
109
109
150
122
88
506
95
0
96
181
10
96
96
96
6
96
181
10
10
88
88
186
0
186
149
109
150
150
150
109
150
150
109
109
150
436
183
183
183
183
182
182
0
181
182
182
0
181
181
109
109
231
0
231
340
186
307
307
307
149
307
307
149
149
307
109
37
0
55
0
88
0
121
121
121
121
305
305
137
137
208
208
287
287
208
208
208
208
208
208
287
287
208
208
137
137
208
208
208
208
287
287
137
137
208
208
287
287
110
110
110
110
125
125
125
125
119
119
110
110
125
125
119
119
0
0
0
0
121
121
121
121
121
121
0
0
121
121
121
121
137
137
137
137
208
208
208
208
208
208
137
137
208
208
208
208
208
208
0
208
208
0
208
208
0
208
208
0
137
137
507
146
208
208
0
208
208
0
208
208
0
208
208
0
287
287
137
137
0
208
208
0
424
424
424
424
208
208
208
287
141
208
208
208
507
0
507
424
0
424
208
0
208
507
0
146
146
137
137
0
507
507
0
507
507
507
424
424
0
208
0
208
208
0
208
208
0
208
208
0
287
287
137
137
0
208
208
0
424
208
208
208
287
141
208
208
208
507
0
0
79
424
121
161
208
387
387
387
387
387
387
387
387
387
387
387
387
509
509
509
509
509
509
509
509
509
509
0
0
0
0
508
508
508
508
508
508
508
508
508
508
508
508
22
22
22
22
22
22
22
22
22
22
22
22
508
508
508
508
508
508
508
508
508
508
508
508
22
22
22
22
22
22
22
22
22
22
22
22
508
508
508
508
508
508
508
508
508
508
508
508
22
22
22
22
22
22
22
22
22
22
22
22
22
22
22
22
387
387
387
387
387
387
387
387
387
387
387
387
387
387
387
387
509
509
509
509
509
509
509
509
509
509
0
0
0
0
264
264
264
264
264
264
264
264
264
264
264
264
264
264
402
402
402
402
402
402
402
402
402
402
402
402
402
402
264
264
264
264
264
264
264
264
264
264
264
264
22
509
402
264
264
71
264
43
43
43
43
43
96
96
96
96
43
43
0
0
0
0
43
43
43
43
43
96
96
96
96
43
43
0
0
0
0
43
43
43
43
96
96
96
96
43
43
0
0
0
43
43
43
43
96
96
96
96
43
43
0
0
0
10
10
10
10
37
37
37
37
10
10
0
0
0
10
10
10
37
37
37
37
10
10
0
0
43
43
43
96
96
96
96
43
43
0
0
43
43
43
96
96
96
96
43
43
0
0
10
10
10
37
37
37
37
10
10
0
0
10
10
10
37
37
37
37
10
10
0
0
43
43
43
43
43
43
0
43
43
43
0
43
0
0
96
96
96
96
43
43
0
0
0
0
43
43
43
43
43
43
96
96
96
96
43
43
0
0
0
0
10
10
10
10
10
10
37
37
37
37
10
10
0
0
0
0
10
10
10
10
10
10
37
37
37
37
10
10
0
0
0
0
43
43
43
43
45
27
27
27
37
95
223
511
214
0
10
181
45
101
0
137
297
137
0
137
69
137
0
111
137
110
0
137
79
137
0
137
137
134
0
137
137
180
0
137
137
240
240
0
407
407
0
258
258
258
258
258
137
137
39
0
137
137
297
0
137
137
69
0
137
111
137
0
110
137
79
0
137
137
137
0
134
137
137
180
180
137
137
240
240
240
407
407
0
258
258
258
258
258
137
137
0
39
137
137
0
297
137
137
0
69
137
111
137
137
110
137
79
79
137
137
276
0
39
137
276
0
118
137
276
0
179
137
276
0
118
137
276
0
39
39
137
0
276
39
137
0
276
118
276
0
137
204
65
0
137
204
65
0
137
204
65
0
137
276
39
0
137
276
118
0
137
276
179
0
137
276
118
0
137
276
39
0
39
137
276
0
39
137
276
0
118
276
137
0
204
65
137
0
204
65
137
0
204
65
137
0
276
39
137
0
276
118
137
0
276
118
137
276
36
204
0
0
73
308
0
137
0
37
87
73
137
55
361
0
0
208
208
208
208
208
208
208
208
208
208
208
208
208
208
208
208
208
72
72
72
72
72
72
72
72
72
72
72
72
72
72
72
72
72
72
72
72
72
72
72
72
70
70
70
70
70
70
70
70
70
70
70
70
73
73
73
73
73
73
73
73
73
73
73
73
93
93
93
93
93
93
93
93
93
93
93
93
125
125
125
125
125
125
125
125
125
125
125
125
208
208
208
208
208
208
208
208
208
208
208
208
208
208
208
208
208
208
208
208
208
208
208
208
72
72
72
72
72
72
72
72
72
72
72
72
72
72
72
72
0
0
0
0
0
0
0
0
70
70
0
0
0
0
70
70
0
0
0
0
73
73
0
0
0
0
73
73
0
0
0
0
93
93
0
0
125
125
72
72
72
72
72
72
72
72
72
72
72
72
70
70
70
70
70
70
70
70
70
70
70
70
514
125
72
70
70
137
137
515
515
515
515
515
515
515
515
515
515
515
515
515
515
515
515
515
515
515
515
515
515
515
515
515
515
515
515
515
515
515
515
69
69
69
69
69
69
516
516
98
98
69
69
69
69
69
69
69
69
69
69
516
516
98
98
69
69
39
39
137
137
137
137
517
517
137
137
127
127
383
383
137
137
137
137
137
137
137
137
517
517
137
137
127
127
383
383
137
137
297
297
39
39
39
39
39
39
518
518
39
39
39
39
69
69
69
69
69
69
516
516
98
98
69
69
39
39
137
137
137
137
517
517
137
137
127
127
383
383
137
137
137
137
39
39
39
39
39
39
39
39
39
39
39
39
39
39
39
39
137
137
137
137
137
137
137
137
137
137
137
137
137
137
518
519
519
0
519
519
519
519
519
519
519
519
519
519
519
519
519
0
519
519
519
519
519
520
519
519
519
96
520
520
520
520
519
519
520
520
520
520
519
519
520
6
521
521
522
0
522
522
522
522
522
522
522
522
522
522
0
521
521
521
521
521
522
522
521
521
522
0
188
188
188
6
188
513
124
124
124
124
124
124
124
124
124
124
124
0
124
124
124
124
124
124
124
124
124
124
0
6
6
36
0
6
6
36
0
6
6
36
0
96
96
6
6
6
6
36
0
55
55
55
55
6
6
36
0
6
6
36
0
6
6
36
519
124
520
55
53
53
61
53
61
61
61
61
60
0
0
4
4
57
4
57
4
4
62
4
62
62
62
62
57
0
0
57
63
63
63
57
57
57
62
62
62
62
62
62
57
0
0
64
64
64
64
64
64
64
64
64
64
64
64
64
64
64
0
65
65
65
65
65
65
65
65
65
65
65
65
65
65
65
0
66
66
66
66
66
66
66
66
66
66
66
66
66
66
66
0
16
16
16
16
16
16
16
16
16
16
16
16
16
16
16
0
64
64
64
64
64
64
64
64
64
64
64
64
64
64
64
0
65
65
65
65
65
65
65
65
65
65
65
65
65
65
65
0
66
66
66
66
66
66
66
66
66
66
66
66
66
66
66
0
16
16
16
16
16
16
16
16
16
16
16
16
16
16
16
0
64
64
64
64
64
64
64
64
64
64
64
64
64
64
64
64
65
65
65
65
65
65
65
65
65
65
65
65
65
64
67
64
67
65
16
523
523
523
523
526
526
526
526
526
526
524
524
524
524
524
524
525
525
525
525
97
97
525
525
525
525
525
525
239
239
239
239
452
452
452
452
524
524
524
524
525
525
525
525
97
97
525
525
525
525
525
525
118
118
118
118
118
118
118
0
0
118
118
118
118
118
118
118
0
0
69
69
69
69
69
69
69
0
0
69
69
69
69
69
69
69
0
0
110
110
110
110
110
110
110
0
0
110
110
110
110
110
110
110
0
0
110
110
110
110
110
110
110
0
0
110
110
110
110
110
110
110
0
0
118
118
118
118
118
118
118
0
0
118
118
118
118
118
118
118
118
118
0
0
0
118
118
118
118
118
118
118
0
0
118
118
118
118
118
118
118
45
55
123
148
181
55
123
148
227
148
123
148
237
148
10
55
45
55
123
148
181
55
123
148
227
148
123
148
237
148
123
148
45
55
123
148
181
55
123
148
227
148
123
148
237
148
123
148
45
55
123
148
181
55
123
148
227
148
123
148
237
148
123
148
38
134
178
77
45
134
178
77
77
178
77
226
77
178
77
38
134
178
77
45
134
178
77
77
96
149
148
5
149
109
5
55
110
88
0
54
54
54
54
54
54
54
54
54
54
54
54
54
54
54
54
54
54
54
54
54
54
54
54
54
54
54
54
230
230
230
230
230
230
365
365
365
365
230
230
230
230
230
230
230
230
230
230
230
230
365
365
54
54
230
230
230
230
230
230
529
529
529
529
529
529
175
175
175
175
529
529
529
529
529
529
529
529
529
529
529
529
156
156
156
156
529
529
530
530
530
530
230
230
230
230
230
230
365
365
365
365
230
230
230
230
230
230
43
43
43
43
43
43
96
96
54
54
43
43
43
43
43
43
529
529
529
529
529
529
156
156
156
156
529
529
529
529
529
529
529
529
529
529
529
529
156
156
156
156
529
529
530
530
530
530
230
230
230
230
230
230
365
365
365
365
230
230
230
230
230
230
230
230
230
230
230
230
365
365
365
365
230
230
230
230
230
230
472
472
472
472
472
472
228
228
228
228
472
472
230
529
301
233
319
238
175
230
302
247
238
319
238
0
276
276
181
181
181
181
181
181
181
181
181
181
181
181
181
181
255
255
255
255
255
255
255
255
255
255
255
255
255
534
313
153
158
158
158
276
276
276
151
151
151
276
276
276
533
458
458
458
297
535
297
535
535
158
158
158
276
276
151
151
151
276
276
276
158
158
158
276
276
276
151
151
151
276
276
276
54
54
54
54
36
36
36
36
36
36
36
54
54
535
535
96
96
6
6
530
96
6
6
158
158
158
158
276
276
151
151
151
276
276
276
158
158
158
151
276
276
276
229
229
229
343
343
343
229
229
180
180
404
404
180
180
180
180
404
404
180
180
180
180
404
404
180
180
180
180
404
404
180
180
404
404
180
180
220
220
134
134
134
134
220
220
134
134
134
134
220
220
134
134
134
134
220
220
134
134
134
134
220
220
134
134
220
220
134
134
220
220
134
134
134
134
220
220
134
134
134
134
220
220
134
134
134
134
220
220
134
134
134
134
220
220
134
134
220
220
134
134
207
207
207
207
536
536
536
536
536
536
206
206
334
334
334
334
334
334
334
334
334
334
334
334
334
334
82
82
82
82
82
82
425
425
425
425
425
425
425
425
425
425
425
425
425
425
425
425
425
425
425
425
425
425
425
425
425
425
425
425
425
425
425
425
15
15
15
15
402
402
402
402
402
402
402
402
402
402
402
402
402
402
402
402
402
402
402
402
402
402
402
402
402
402
73
73
73
73
73
73
73
73
73
73
73
73
73
402
208
208
70
73
264
280
92
342
73
280
92
280
402
425
208
0
538
490
490
540
540
540
540
540
540
541
541
542
542
539
539
543
543
544
544
149
149
544
544
149
149
208
208
208
208
539
539
538
538
490
490
540
540
540
540
540
540
541
541
542
542
539
539
543
543
544
544
149
149
544
544
149
149
208
208
208
208
539
539
538
538
490
490
540
540
540
540
540
540
541
541
542
542
539
539
543
543
544
544
149
149
544
544
149
149
208
208
208
208
539
539
538
538
490
490
540
540
540
540
540
540
541
541
542
542
539
539
543
543
544
544
149
149
544
544
149
149
208
208
208
208
539
539
538
538
490
490
540
540
540
540
540
540
541
541
542
542
539
539
543
543
544
544
149
149
544
544
149
149
208
208
208
208
539
539
538
538
490
490
540
540
540
540
540
540
541
541
542
542
539
539
543
543
544
544
149
149
544
544
149
149
208
208
208
208
208
208
208
208
208
208
208
208
208
208
208
208
125
208
73
300
300
300
300
364
0
364
54
137
137
137
137
546
546
137
137
0
0
0
0
441
6
441
6
110
110
110
110
527
110
0
110
110
110
110
107
0
107
109
0
0
0
0
108
0
0
0
387
88
387
387
69
69
69
69
270
368
107
108
107
108
107
108
107
0
107
108
107
108
107
108
110
0
548
548
548
0
548
548
548
548
0
0
0
0
441
0
441
0
110
110
0
0
0
0
364
0
546
137
137
0
0
0
0
137
137
546
546
137
137
0
387
88
387
387
69
69
69
69
270
368
107
108
107
108
107
108
107
0
107
108
107
108
107
108
110
0
548
548
548
0
226
288
288
288
288
288
288
288
325
332
332
332
332
332
332
332
137
317
0
205
205
205
0
85
332
332
332
332
332
384
332
332
332
332
332
332
332
332
332
332
332
332
332
332
332
332
332
332
332
332
332
332
332
332
288
288
288
288
288
325
332
332
332
332
332
332
332
336
332
332
137
137
137
137
137
137
141
141
141
134
287
287
287
39
288
288
288
288
288
288
288
39
549
549
549
549
549
179
549
549
549
549
549
549
549
39
303
0
282
282
282
282
282
4
550
550
550
550
282
179
39
336
332
494
332
332
332
336
332
336
536
332
549
173
288
45
0
0
366
366
366
366
0
0
409
409
409
554
554
554
554
554
554
554
0
0
0
5
5
554
554
554
554
554
554
554
0
0
0
0
0
0
0
0
0
258
258
258
258
258
258
258
0
0
6
45
45
255
255
255
255
255
255
255
0
0
6
45
45
554
554
554
554
554
554
554
0
0
551
551
551
551
0
0
363
363
363
409
409
409
409
409
409
409
0
0
0
0
0
0
0
0
0
366
366
366
366
366
366
366
0
0
96
10
10
316
316
316
316
174
174
316
0
137
137
137
137
0
0
137
0
408
408
408
408
408
408
408
0
552
552
553
553
553
553
553
0
0
0
137
0
551
551
551
0
72
73
73
73
73
70
70
70
70
70
70
70
70
82
82
82
82
71
71
71
71
70
70
70
70
70
70
70
70
72
72
72
72
73
73
73
73
70
70
70
70
0
0
0
0
0
0
0
0
0
0
0
0
0
0
0
0
170
170
0
0
0
0
170
170
0
0
0
0
0
0
70
394
394
81
81
394
394
81
81
70
70
70
70
70
70
70
70
394
394
81
81
394
394
81
81
71
71
71
71
71
71
71
71
73
73
73
73
71
71
71
71
71
71
82
82
82
82
71
71
82
82
82
82
71
71
71
71
70
70
70
70
70
70
70
70
394
394
81
81
394
394
81
81
70
70
70
70
70
70
70
70
394
394
81
81
394
394
81
81
71
71
71
71
71
71
71
71
73
73
73
73
71
71
71
71
82
82
82
82
82
82
82
82
71
71
71
71
73
73
73
73
83
83
83
83
83
83
83
71
0
70
394
71
73
82
73
71
83
48
48
48
48
183
183
510
510
510
13
13
13
13
117
117
117
117
50
50
183
183
27
27
27
27
45
45
96
96
6
6
6
6
0
0
0
0
0
0
0
0
121
121
121
111
208
208
208
208
208
208
208
208
208
208
208
208
208
69
39
69
111
72
72
72
72
72
72
111
121
121
121
121
121
121
121
111
208
208
208
208
208
208
208
208
208
208
208
208
208
69
39
69
111
72
72
72
72
72
72
111
121
121
121
121
121
121
121
111
208
208
208
208
208
208
208
208
208
208
208
208
208
69
39
69
111
72
72
72
72
72
72
111
121
121
121
121
121
121
121
111
208
208
208
208
208
208
208
208
208
208
208
208
208
69
39
69
111
208
208
72
72
72
72
0
0
0
0
0
0
0
0
0
0
0
0
0
0
0
0
0
0
0
0
0
0
0
0
0
0
121
121
121
111
208
208
208
208
208
208
208
208
208
208
208
208
208
69
39
69
111
72
72
72
72
72
72
111
121
121
121
121
121
121
121
111
208
208
208
208
208
208
208
208
208
208
208
208
208
69
0
208
208
69
72
72
121
54
0
4
4
134
134
37
37
37
37
4
4
134
134
37
37
37
37
4
4
134
134
37
37
37
4
4
4
4
54
54
69
69
86
86
54
54
54
0
143
143
56
56
56
0
558
558
105
105
105
0
121
121
378
378
365
365
365
0
141
141
380
380
143
143
380
380
380
380
134
134
143
143
380
4
134
134
143
143
380
380
380
380
79
79
69
69
79
79
69
69
86
86
54
54
54
0
143
143
56
56
56
0
558
558
105
105
105
0
121
121
378
378
365
365
365
0
380
380
134
134
143
143
143
143
380
380
134
134
143
37
157
157
220
220
79
54
54
214
214
95
95
95
0
56
56
114
114
0
105
105
559
559
531
531
531
0
365
365
506
506
506
0
558
561
561
561
561
561
561
561
561
561
561
561
561
561
561
561
561
561
561
561
561
561
561
0
561
561
561
561
561
561
561
561
561
561
561
561
561
561
561
561
561
561
561
561
561
561
561
561
561
561
561
561
561
561
561
561
0
0
276
0
69
0
276
0
297
0
276
0
69
0
0
0
0
276
0
69
0
276
0
297
0
276
0
69
0
276
0
0
0
276
0
69
0
276
0
297
0
276
0
564
564
564
564
564
564
564
564
564
564
565
565
565
565
565
565
565
565
565
565
565
565
565
565
565
565
565
565
565
565
565
565
565
565
565
565
565
565
565
565
565
565
565
565
394
394
0
566
566
566
566
566
566
566
566
566
566
566
566
566
566
566
566
566
566
566
566
566
566
566
566
566
566
566
566
566
566
566
566
566
566
566
566
566
566
566
566
566
566
566
566
566
566
566
566
566
566
566
566
566
566
566
566
566
566
566
566
568
568
568
568
568
568
568
568
568
568
568
568
568
568
568
568
569
569
569
569
569
569
569
569
569
569
569
569
569
569
569
569
569
569
569
569
569
569
569
569
569
569
569
569
569
569
569
569
569
569
371
371
569
569
569
569
569
569
569
569
569
569
569
569
569
569
569
569
569
569
569
569
569
569
569
569
220
220
84
84
84
84
84
84
84
84
84
84
84
84
84
84
84
84
84
84
84
84
84
84
84
84
371
371
569
569
569
569
569
569
569
569
569
569
300
300
300
300
300
300
300
300
300
300
300
300
300
300
300
300
300
300
300
300
300
300
300
300
300
300
300
300
300
300
300
300
300
300
300
300
300
300
300
300
300
300
300
300
300
300
300
300
300
300
300
300
300
300
300
300
300
300
300
300
300
300
300
300
300
300
300
300
300
300
300
300
300
300
300
300
300
300
300
300
300
300
300
300
300
300
300
300
300
300
300
300
300
300
300
300
300
300
300
300
300
300
300
300
300
300
300
0
0
0
0
0
0
0
0
0
0
0
0
0
0
0
0
0
0
0
0
0
0
0
0
0
0
70
70
70
70
70
70
0
70
70
70
70
70
70
15
15
15
0
15
15
15
15
15
0
15
15
15
15
70
70
70
70
70
70
70
70
70
70
70
70
70
70
70
70
70
70
72
72
72
0
72
72
72
0
72
72
72
72
72
72
15
15
15
15
15
15
15
208
70
370
286
370
15
70
15
70
15
70
286
370
15
70
208
70
228
286
370
81
27
27
27
27
27
27
27
27
27
0
0
181
181
181
181
181
181
181
181
181
181
181
181
181
181
0
0
0
0
0
0
0
0
0
0
0
0
0
0
0
0
175
53
53
53
53
53
53
53
53
53
53
53
53
53
53
53
53
0
0
0
0
96
96
96
96
96
96
96
96
0
0
0
0
0
0
27
27
27
27
27
27
27
27
27
27
27
0
0
181
181
181
181
181
181
181
181
181
181
181
181
181
181
0
0
27
27
27
27
27
27
27
27
27
27
27
27
27
27
0
0
181
181
181
181
181
181
181
181
181
181
181
181
181
181
0
0
0
0
0
0
0
0
0
0
0
0
0
0
0
0
570
570
570
570
570
570
570
570
570
570
570
365
0
0
0
0
0
0
0
0
0
0
0
0
0
0
0
0
0
0
570
570
570
570
570
570
570
570
570
570
570
365
0
156
565
565
565
565
571
571
571
571
571
571
571
571
572
572
573
573
573
573
572
572
573
573
573
573
71
71
71
71
71
71
71
71
71
71
71
71
71
71
71
71
71
71
71
71
488
488
488
488
488
488
488
488
0
0
110
110
297
297
110
110
488
488
488
488
488
488
488
488
0
0
110
110
297
297
110
110
488
488
488
488
488
488
488
488
0
0
110
110
297
297
110
110
488
488
488
488
488
488
488
488
0
0
110
110
297
297
110
110
488
488
488
488
488
488
488
488
0
0
110
110
297
297
110
110
488
488
488
488
488
488
488
488
0
0
110
110
297
297
110
110
488
488
488
488
488
488
488
488
0
0
110
110
297
297
110
110
488
488
488
488
488
488
488
488
0
0
110
110
297
297
110
110
488
488
488
488
488
488
488
488
0
0
110
110
297
297
110
110
488
488
488
488
488
488
488
488
0
0
110
297
87
297
71
87
45
45
578
578
578
578
578
578
578
578
0
579
579
0
0
0
0
0
45
45
578
578
578
578
578
578
578
578
0
0
0
0
0
0
0
579
0
0
576
576
0
579
579
0
0
576
576
576
576
576
576
0
0
579
579
579
0
0
580
580
580
0
0
579
579
579
0
0
576
576
576
0
0
579
579
579
0
0
0
579
579
0
576
576
0
579
579
0
576
576
0
579
579
0
576
576
0
579
579
0
579
579
0
576
576
0
576
0
0
0
579
0
0
576
576
0
579
579
0
0
576
576
576
576
576
576
0
0
579
579
579
0
0
580
580
580
0
0
579
579
579
0
0
576
576
576
0
0
579
579
579
0
0
0
45
45
578
578
578
578
578
578
578
578
0
579
579
0
0
0
0
0
270
270
270
270
270
270
270
270
270
270
270
270
270
270
270
270
270
270
270
270
270
270
270
270
270
270
270
270
108
108
108
108
108
108
108
108
108
108
108
108
108
108
270
270
270
270
270
270
270
270
270
270
270
270
270
270
270
270
270
270
191
191
191
191
191
191
191
446
446
446
446
446
446
446
446
446
446
446
446
446
446
108
108
108
108
275
275
275
275
275
275
275
446
446
446
446
108
108
108
108
108
108
108
108
108
108
108
108
270
270
270
270
270
270
270
270
270
270
270
270
270
270
270
270
270
270
270
270
270
270
270
270
270
270
270
270
270
270
270
270
270
270
315
315
315
315
288
288
280
280
280
280
280
280
288
288
280
280
280
280
446
280
113
113
113
113
113
113
240
240
583
583
583
583
506
506
183
183
183
183
183
183
44
122
95
95
0
95
95
301
585
182
0
0
506
183
586
586
586
586
586
586
586
586
586
586
586
586
586
586
391
391
391
391
0
0
0
0
0
0
0
0
0
0
95
95
95
95
183
53
53
53
53
53
349
349
349
349
349
349
349
349
181
181
181
181
43
43
43
43
45
45
96
96
96
96
43
43
43
43
43
43
43
43
43
43
0
0
0
0
0
0
0
0
240
240
240
240
240
240
240
240
240
240
240
240
240
240
240
80
549
549
549
549
549
549
549
549
43
549
549
549
549
549
549
315
315
315
315
315
315
315
315
315
315
315
315
315
315
43
458
587
587
587
587
587
587
587
587
587
587
587
587
587
587
181
240
240
240
240
240
240
240
240
240
240
240
240
240
240
240
80
280
288
288
288
288
288
288
288
288
288
288
288
288
288
288
45
240
240
240
240
240
240
240
240
240
240
240
240
240
240
240
80
549
549
549
549
549
549
549
549
43
549
549
549
549
549
549
315
315
315
315
315
315
315
315
315
315
315
315
315
315
43
458
587
88
43
288
288
53
53
280
240
0
55
55
0
0
0
0
0
0
0
0
0
0
0
0
0
0
0
0
0
118
118
118
118
146
146
146
146
146
146
145
134
118
118
118
118
118
118
118
118
146
146
146
146
0
0
110
110
110
110
110
110
110
110
110
110
110
110
110
110
110
110
110
110
110
110
110
110
110
110
110
110
110
110
110
110
110
110
110
110
110
110
110
110
110
110
110
110
110
110
110
110
110
110
110
110
110
110
110
110
110
110
110
110
110
110
110
110
110
0
0
0
0
0
0
0
0
0
0
0
0
0
0
0
0
0
0
0
0
0
0
0
0
0
0
0
0
53
53
55
55
53
53
54
54
54
54
55
55
53
53
53
53
53
53
55
55
53
53
43
43
162
162
434
434
96
96
0
0
53
53
55
55
53
53
54
54
54
54
55
55
53
53
53
53
53
53
55
55
53
53
96
96
178
178
177
177
37
37
0
0
53
53
55
55
53
53
54
54
54
54
55
55
53
53
53
53
53
53
464
464
464
464
140
140
96
96
177
177
37
37
0
0
53
53
55
55
53
53
54
54
54
54
55
55
53
53
53
53
53
53
55
55
53
53
96
96
178
178
177
177
37
37
0
0
53
53
55
55
53
53
54
54
54
54
55
55
53
53
53
53
53
53
464
464
464
464
140
140
96
96
177
177
37
37
0
0
53
53
55
55
53
53
54
54
54
54
55
55
53
53
53
53
53
53
55
55
53
53
96
96
178
178
177
177
37
37
0
0
53
53
55
55
53
54
333
53
96
73
55
588
589
588
589
588
589
234
489
344
489
344
489
344
489
344
489
344
489
344
489
344
489
344
590
149
590
149
590
149
590
149
590
149
590
149
590
149
590
149
360
591
360
591
360
591
360
591
360
591
360
591
360
591
360
591
360
591
360
591
360
591
360
591
360
591
360
591
360
591
360
591
489
344
489
344
489
344
489
344
489
344
489
344
489
344
489
344
590
149
590
149
590
149
590
149
590
149
590
149
590
149
590
149
591
591
591
591
591
591
591
591
589
589
589
589
589
589
589
589
591
591
591
591
591
591
591
591
589
589
589
589
451
451
451
450
450
450
450
450
450
450
450
450
135
135
73
73
54
110
204
204
333
333
333
333
333
333
333
125
125
125
125
125
301
69
77
71
186
234
301
414
77
71
186
147
242
116
593
119
119
119
119
88
88
80
80
186
186
162
162
593
593
119
119
145
145
69
69
77
77
112
112
112
112
112
112
177
177
226
226
226
226
317
317
317
317
317
317
317
317
317
317
317
317
317
317
317
317
88
88
80
80
186
186
80
80
162
162
186
186
80
80
186
186
88
88
119
119
593
593
119
119
434
434
593
593
119
119
593
593
39
39
85
85
328
328
435
435
435
435
435
435
435
435
69
69
77
77
112
112
177
177
226
226
177
177
112
112
112
112
134
134
145
145
145
134
145
145
180
180
180
88
88
119
119
119
88
119
119
179
179
179
118
118
146
146
152
152
152
152
326
303
326
287
326
326
326
326
297
297
297
297
69
69
69
69
69
69
69
69
0
0
0
0
0
0
0
0
0
0
0
0
0
0
0
0
0
304
118
69
69
69
69
410
410
69
69
54
54
118
118
134
134
88
88
88
88
88
88
88
88
118
118
88
88
88
88
118
118
118
118
69
69
69
69
410
410
69
69
54
54
118
118
134
134
88
88
88
88
88
88
88
88
118
118
88
88
88
88
118
118
118
118
69
69
69
69
410
410
69
69
54
54
118
118
134
134
88
88
0
0
0
0
0
0
0
0
0
0
0
0
0
0
0
0
69
69
69
69
410
410
69
69
54
54
118
118
134
134
88
88
88
88
88
88
88
88
118
118
88
88
88
88
118
118
118
118
69
69
69
69
410
410
69
69
54
54
118
118
134
134
88
88
88
88
88
88
88
88
118
118
88
88
88
88
118
118
118
118
69
69
69
69
410
410
69
69
54
54
118
118
134
134
88
88
88
88
88
88
88
88
118
118
88
88
88
88
118
118
118
118
204
204
204
0
204
0
69
204
143
73
88
0
88
118
77
73
0
118
88
88
0
148
73
73
139
79
0
79
79
79
79
79
594
452
46
595
595
595
595
595
113
595
595
595
595
595
595
113
595
79
0
79
79
79
79
79
205
205
332
332
332
332
332
332
332
332
332
332
332
332
332
332
332
332
332
332
332
332
332
332
278
594
79
79
594
139
594
38
594
452
452
452
54
596
594
452
452
594
53
594
0
594
79
79
79
594
594
594
53
594
594
452
452
594
594
594
37
594
596
596
38
594
594
452
596
54
594
79
79
79
594
594
594
53
594
594
452
452
594
594
594
37
596
594
594
53
594
594
79
452
594
594
37
596
205
205
205
332
332
332
332
332
332
332
332
332
332
332
332
332
332
332
332
332
332
205
53
180
180
134
134
179
179
180
180
39
39
39
39
53
53
180
180
180
180
54
54
53
53
53
53
4
4
134
134
134
134
53
53
180
180
134
134
179
179
180
180
137
137
137
137
261
41
228
228
228
279
228
228
261
261
368
368
41
41
41
41
41
41
41
41
0
0
0
0
0
0
0
0
0
0
0
0
0
0
0
0
0
0
0
0
0
0
0
0
0
0
96
7
96
96
96
96
69
69
54
36
54
54
54
54
69
69
5
5
134
134
55
55
134
134
6
6
54
54
69
69
69
69
96
7
96
96
96
96
69
69
54
36
54
54
54
54
69
69
5
5
134
134
55
55
134
134
6
6
54
54
69
69
69
69
96
7
96
96
96
96
69
69
54
36
54
54
54
54
69
69
5
5
134
134
55
55
134
134
6
6
54
54
69
69
69
69
96
7
96
96
96
96
69
69
54
36
54
54
54
54
69
69
5
5
134
134
55
55
134
134
6
6
54
54
69
69
69
69
96
7
96
96
96
96
69
69
54
36
54
54
54
54
69
69
5
5
134
134
55
55
134
134
6
6
54
54
45
45
96
96
37
37
96
96
37
37
36
36
54
54
55
55
137
137
137
137
137
137
137
137
119
119
86
86
119
119
86
86
137
137
137
137
137
137
137
137
134
134
88
39
137
137
137
137
271
37
156
137
137
137
39
271
137
300
0
69
271
69
54
54
137
119
54
54
229
54
116
54
54
54
54
116
54
45
45
7
7
7
7
7
7
114
45
45
214
45
96
96
163
96
217
96
564
96
96
96
385
96
217
96
564
96
96
96
216
96
217
96
564
96
96
96
96
217
96
96
96
96
163
96
217
96
564
96
96
96
385
96
217
96
564
96
96
96
216
96
217
96
564
96
96
96
96
217
96
96
96
96
163
96
217
96
564
96
96
96
385
96
217
96
564
96
96
96
216
96
217
96
564
96
96
96
96
217
96
96
96
96
163
96
217
96
564
96
96
96
385
96
217
96
564
96
96
96
216
96
217
96
564
96
96
96
96
217
96
96
54
54
116
216
7
45
54
368
45
163
134
6
45
7
7
71
71
71
71
71
71
71
71
71
71
71
71
71
71
71
71
71
71
71
71
71
71
71
71
71
71
71
71
513
513
513
513
513
513
513
513
513
513
513
513
513
513
125
125
125
125
125
125
125
125
125
125
125
125
125
125
125
125
71
71
71
71
71
71
71
71
71
71
71
71
71
71
71
71
71
71
71
71
71
71
71
71
71
71
71
71
71
71
71
71
71
71
513
513
513
513
513
513
513
513
513
513
513
513
513
513
125
125
125
125
125
125
125
125
125
125
125
125
125
125
125
125
71
71
71
71
71
71
71
71
71
71
71
71
71
71
71
71
71
71
71
71
71
71
71
71
71
71
71
71
71
71
71
71
71
71
71
71
71
71
71
71
71
71
71
71
71
71
71
71
71
71
71
71
71
71
71
71
71
71
71
71
71
71
71
71
71
71
71
71
71
71
71
71
71
71
71
71
71
71
70
71
71
70
87
71
71
71
70
71
73
73
73
73
73
208
208
208
208
208
208
208
208
208
208
208
208
0
0
137
79
125
125
125
125
125
125
125
125
125
125
125
125
73
73
73
73
121
121
121
121
121
121
121
121
73
73
73
73
0
0
0
0
208
208
208
208
208
208
208
208
208
208
208
208
208
208
208
125
125
125
125
125
125
125
125
125
125
125
125
73
73
73
73
121
121
121
121
121
121
121
121
73
73
73
73
73
73
73
341
125
125
125
125
125
125
125
125
125
125
125
125
125
125
125
125
0
0
0
0
0
0
0
0
0
0
0
0
0
0
0
0
0
0
0
0
0
0
110
110
110
110
110
110
79
79
79
79
79
79
79
79
137
137
137
137
137
137
137
137
137
137
137
137
137
137
137
137
0
0
0
125
73
73
73
73
121
121
121
121
121
121
121
121
73
73
73
73
0
0
0
0
208
208
208
208
208
208
121
73
73
0
181
181
45
0
45
45
54
54
96
96
95
95
10
10
96
96
95
95
96
96
45
45
54
54
96
96
95
95
10
10
96
96
95
95
96
96
43
43
37
37
45
45
181
181
45
45
37
37
181
181
45
45
43
43
37
37
45
45
181
181
45
45
37
37
181
181
45
0
45
45
54
54
96
96
95
95
10
10
96
96
95
95
96
96
45
45
54
54
96
96
95
95
10
10
96
96
95
95
96
96
43
43
37
37
45
0
181
181
45
45
37
37
181
181
45
45
43
43
37
37
45
45
181
181
45
45
37
37
181
181
45
0
45
45
54
54
96
96
95
95
10
10
96
96
95
95
96
96
45
45
54
54
96
96
95
95
10
10
0
0
0
0
0
0
43
43
37
37
45
0
181
181
45
45
37
37
181
181
45
45
43
43
37
37
45
45
181
181
45
45
37
37
181
181
45
0
43
43
37
45
43
45
45
310
0
45
45
45
44
0
387
387
71
71
597
597
514
514
357
357
310
310
240
240
240
240
71
71
389
389
537
537
598
598
387
387
387
387
387
387
71
71
597
597
514
514
357
357
310
310
240
240
240
240
71
71
389
389
537
537
598
598
387
387
387
387
387
387
71
71
597
597
514
514
357
357
310
310
240
240
240
240
71
71
389
389
537
537
598
598
387
387
387
387
387
387
71
71
597
597
514
514
125
125
125
125
125
125
599
599
599
599
599
599
337
337
337
337
337
337
337
337
337
337
149
149
328
328
125
125
125
125
125
125
599
599
599
599
599
599
337
337
337
337
337
337
337
337
337
337
149
149
328
328
125
125
125
125
125
125
599
599
599
599
599
599
337
337
337
337
337
337
337
337
337
337
149
149
328
387
337
337
121
125
387
597
163
163
217
217
36
36
471
471
471
471
83
83
83
83
394
394
83
83
83
83
394
394
83
83
394
394
83
83
83
83
394
394
83
83
83
83
394
394
83
83
172
172
156
156
172
172
8
8
8
8
8
8
83
488
488
188
188
188
124
513
513
188
188
425
425
93
93
425
425
87
87
87
87
87
87
87
87
87
87
87
87
87
87
87
87
124
124
124
124
188
188
124
124
188
188
292
292
292
93
425
425
425
425
93
93
93
93
258
258
258
258
258
258
258
258
258
258
258
258
87
87
176
176
176
176
176
176
176
176
176
176
188
188
188
188
124
124
124
124
188
188
188
188
292
292
292
292
425
425
93
93
258
258
258
258
258
258
87
87
87
87
87
87
87
87
87
87
87
87
87
87
87
87
87
87
87
87
87
87
87
87
87
87
87
87
87
87
258
258
70
70
361
361
176
176
176
73
73
73
176
176
488
488
124
258
258
0
362
362
362
362
362
362
362
362
362
362
0
0
0
0
0
0
34
0
34
34
0
0
34
34
34
34
34
0
441
441
441
441
441
441
0
0
0
181
0
101
101
0
0
0
441
441
441
441
0
0
101
101
101
101
0
0
48
48
0
0
0
95
0
35
35
35
35
35
95
95
0
0
183
0
510
183
0
441
441
441
441
441
441
441
181
181
181
181
181
263
263
263
263
263
263
263
263
0
0
0
0
0
0
181
0
35
0
35
35
0
0
35
35
35
35
0
362
441
101
101
362
441
441
101
0
605
605
605
0
605
605
605
0
605
605
605
0
606
606
606
0
606
606
606
0
606
606
606
0
606
606
606
0
374
374
374
0
374
374
374
0
374
374
374
0
374
374
374
0
173
173
173
0
173
173
173
0
173
173
173
0
173
173
173
0
283
283
283
0
283
283
283
0
283
283
283
0
283
283
283
0
550
550
550
0
550
550
550
0
550
550
550
0
550
550
550
0
285
285
285
0
285
285
285
0
285
285
285
0
285
285
285
0
607
607
607
0
607
607
607
0
607
607
607
0
607
607
607
0
283
283
283
0
283
283
283
0
283
283
283
0
283
283
283
0
283
283
0
0
605
605
605
0
605
605
605
0
605
605
605
0
606
606
606
0
606
606
606
0
606
606
606
0
606
606
606
0
374
374
374
0
374
374
374
0
374
374
374
0
374
374
374
0
173
173
173
0
173
173
173
0
173
173
607
605
285
148
0
148
0
148
0
148
0
148
0
148
0
148
0
148
0
148
0
148
0
394
394
394
394
83
83
83
83
148
148
148
148
148
0
148
0
148
0
148
0
148
0
148
0
148
0
148
0
148
0
148
0
394
394
394
394
83
83
83
83
148
148
148
148
148
0
148
0
148
0
148
0
148
0
148
0
0
148
148
148
148
148
148
118
0
118
0
17
17
17
17
276
0
17
17
17
17
17
17
276
0
276
0
204
204
204
204
110
0
204
204
204
204
204
204
110
0
110
0
148
148
148
148
148
148
148
148
39
39
39
39
39
39
39
39
77
77
77
77
77
77
77
77
77
77
77
77
69
0
69
0
17
17
17
17
276
0
17
17
17
17
17
17
276
0
276
0
204
204
204
204
110
0
204
204
204
204
204
204
110
0
110
0
148
148
148
148
148
0
148
0
148
0
148
0
148
0
148
0
394
148
204
83
5
148
148
148
608
608
608
608
608
608
608
608
608
608
608
608
608
608
608
608
608
608
608
608
608
608
608
608
608
608
608
608
608
608
608
608
608
608
608
608
608
0
0
0
0
0
0
0
0
0
0
0
398
398
398
398
398
0
0
0
0
0
0
0
0
0
0
0
0
0
0
0
55
55
55
55
55
55
55
55
55
55
55
55
55
55
55
204
204
204
204
488
488
488
488
488
488
488
488
547
547
55
55
55
55
55
55
119
119
119
119
488
488
488
488
488
488
488
488
488
488
488
488
488
488
488
488
125
125
0
0
0
0
0
0
0
0
0
0
125
125
0
0
46
46
46
46
46
46
46
46
125
125
0
0
0
0
0
0
0
0
0
0
0
204
488
488
488
488
488
488
488
488
547
547
55
55
55
55
55
55
119
119
119
137
137
125
55
238
238
238
238
238
238
238
238
238
238
238
238
238
238
238
238
238
238
238
238
238
238
238
238
238
238
238
238
238
238
249
249
249
249
249
249
249
249
249
249
249
249
249
249
249
249
214
214
214
214
214
214
214
214
214
214
214
214
214
214
214
214
3
3
3
3
3
3
3
3
3
3
3
3
3
3
3
3
609
609
609
609
609
609
609
609
609
609
609
609
241
241
89
89
89
89
89
89
89
89
271
271
271
271
271
271
271
271
261
261
261
261
261
261
261
261
86
86
86
86
86
86
119
119
89
89
89
89
89
89
89
89
271
271
271
271
271
271
271
271
261
261
261
261
261
261
261
261
86
86
86
86
86
86
119
119
89
89
89
89
89
89
89
89
271
271
271
271
271
271
271
271
261
261
261
261
261
261
261
261
86
86
86
86
86
86
119
119
89
89
89
89
89
89
89
89
271
271
271
271
261
214
365
511
609
463
112
112
112
112
177
177
177
177
610
610
610
610
178
178
178
178
463
463
463
463
463
69
69
69
226
226
103
103
463
463
463
463
112
112
112
112
177
177
177
177
610
610
610
610
178
178
178
178
148
148
303
303
77
77
77
77
209
209
253
253
502
502
502
502
73
73
73
73
211
211
211
211
611
611
611
611
210
210
210
210
502
502
502
502
502
77
77
77
209
209
253
253
502
502
502
502
73
73
73
73
211
211
211
211
611
611
611
611
210
210
210
210
148
148
303
303
77
77
77
77
209
209
253
253
502
502
502
502
73
73
73
73
211
211
211
211
611
611
611
611
210
210
210
210
502
502
502
502
502
77
77
77
209
209
253
253
502
502
502
502
73
73
73
73
211
211
211
211
611
611
611
611
210
210
210
210
148
148
303
303
69
69
69
69
226
226
103
103
463
463
463
463
112
112
112
112
177
177
103
0
142
610
148
303
88
103
463
463
354
354
23
23
23
23
73
73
23
23
23
23
253
253
23
23
404
404
73
73
136
136
136
136
136
136
271
271
23
23
23
23
73
73
23
23
23
23
23
23
253
253
124
124
124
124
124
124
124
124
124
124
424
424
424
424
424
424
424
424
424
424
424
424
424
424
424
424
119
119
119
86
86
86
124
124
124
124
124
124
124
124
124
124
424
424
424
424
424
424
424
424
424
424
424
424
424
424
424
424
208
208
208
208
208
208
124
124
124
124
124
124
124
124
124
124
0
0
0
0
0
0
0
0
0
0
0
0
0
0
0
0
50
50
50
50
50
50
392
392
392
392
392
392
50
50
50
50
305
0
305
305
0
0
305
305
0
305
305
305
0
0
0
0
305
0
305
305
0
424
424
424
424
424
119
119
119
86
86
86
124
124
124
124
124
124
124
124
124
124
424
424
424
424
424
424
424
424
424
424
424
424
424
424
424
424
208
208
208
208
208
208
124
124
124
124
124
124
124
124
124
124
124
124
124
124
124
124
124
124
0
0
0
0
0
0
0
0
124
124
124
208
124
424
424
0
0
311
0
383
383
383
383
141
383
383
383
383
0
473
473
473
473
473
473
0
596
596
0
596
596
596
596
0
596
368
164
164
164
164
88
164
164
0
164
164
383
383
383
141
383
383
383
383
0
473
473
473
473
0
473
137
0
473
473
137
473
0
473
0
0
77
77
0
311
311
311
311
39
311
233
311
0
383
383
0
383
383
383
383
137
383
290
473
473
473
473
473
280
473
280
0
596
596
596
596
0
596
0
596
0
164
164
0
164
164
53
164
0
164
80
0
614
614
614
614
614
0
0
614
614
383
383
0
383
383
383
383
0
383
383
383
0
141
383
141
517
137
137
383
37
311
0
311
311
311
311
0
311
233
290
383
383
383
137
383
383
137
383
383
473
473
0
473
473
473
473
0
596
596
139
596
105
596
596
0
596
0
164
164
0
164
164
164
164
53
164
383
614
112
141
141
141
308
308
308
308
308
308
308
308
308
308
141
141
141
141
141
141
308
308
308
308
308
308
308
308
308
308
141
141
141
141
141
141
308
308
308
308
141
141
141
141
141
141
141
141
308
308
308
308
308
308
118
118
118
118
134
134
134
134
5
5
5
5
53
53
53
53
55
55
55
55
5
5
5
5
134
134
134
134
88
88
88
88
118
118
118
118
134
134
134
134
5
5
5
5
53
53
53
53
55
55
55
55
5
5
5
5
134
134
134
134
88
88
88
88
118
118
118
118
134
134
134
134
5
5
5
5
53
53
53
53
55
55
55
55
5
5
5
5
134
134
134
134
88
88
88
88
118
118
118
118
134
134
134
134
5
5
5
5
53
53
53
53
55
55
55
55
4
4
4
4
54
54
54
54
36
36
36
36
37
37
37
37
37
37
37
37
37
37
37
37
0
0
55
112
112
7
6
6
37
37
118
118
55
55
38
38
36
36
180
5
36
36
179
179
36
36
118
118
55
55
38
38
6
6
118
55
7
7
6
6
37
37
118
118
55
55
38
38
36
36
180
5
36
36
179
179
36
36
118
118
55
55
38
38
6
6
118
55
7
7
6
6
37
37
118
118
55
55
38
38
36
36
180
5
36
36
179
179
36
36
118
118
55
55
38
38
6
6
118
55
7
7
6
6
37
37
118
118
55
55
38
38
36
36
90
80
118
156
300
5
90
80
148
148
148
148
148
148
148
148
90
80
118
156
300
5
90
80
67
67
67
67
67
67
67
118
90
80
118
156
300
5
90
80
148
148
148
148
148
148
148
148
90
80
118
156
300
5
90
80
67
67
67
67
67
67
67
118
90
80
118
156
300
5
90
80
148
148
148
148
148
148
148
148
90
80
118
156
300
5
90
80
67
67
88
118
0
148
118
67
0
148
118
148
67
42
0
90
53
118
93
93
93
93
93
93
93
93
93
93
72
72
72
72
72
72
72
72
72
0
72
72
72
72
72
72
72
72
93
93
93
0
93
93
93
93
93
93
93
93
93
93
72
72
72
72
72
72
72
72
72
72
72
72
72
72
72
72
72
72
93
93
93
0
93
93
93
93
93
93
93
93
93
93
72
72
72
72
72
72
72
72
72
0
72
72
72
72
72
72
72
72
93
93
93
0
93
93
93
93
93
93
93
93
93
93
72
72
72
72
72
72
72
72
72
0
72
72
72
72
72
72
72
72
93
93
93
0
93
93
93
93
93
93
93
93
93
93
72
72
72
72
72
72
72
72
72
0
72
72
72
72
72
72
72
72
93
93
93
0
93
93
93
93
93
93
93
93
93
93
72
72
72
72
72
72
72
72
72
72
72
72
72
72
72
72
72
72
93
93
93
0
93
93
93
93
93
93
93
93
93
93
125
72
93
15
15
15
15
15
125
480
0
500
500
500
0
22
22
22
0
22
22
22
0
500
500
500
0
500
500
500
0
500
500
500
0
500
500
500
0
500
500
500
0
615
615
500
0
500
500
500
0
615
615
500
0
533
533
533
0
533
533
533
0
500
500
500
0
615
615
500
0
500
500
500
0
615
615
500
0
22
22
22
0
22
0
500
500
500
0
615
615
500
0
500
500
500
0
615
615
500
0
500
500
500
0
615
615
500
0
500
500
500
0
615
615
500
0
533
533
533
0
533
533
533
0
500
500
500
0
615
615
500
0
500
500
500
0
615
615
500
0
22
22
22
0
22
0
500
500
500
0
615
615
500
0
500
500
500
0
615
615
500
0
500
500
500
0
500
500
500
0
500
500
500
0
500
500
500
0
533
533
533
0
533
533
533
0
533
533
533
0
533
533
533
0
500
500
500
0
500
500
500
0
500
500
500
500
500
533
500
500
615
0
0
0
70
70
70
70
70
70
70
70
293
93
72
72
72
72
72
72
72
72
15
15
15
15
15
15
15
15
14
14
14
14
0
0
70
70
70
70
70
70
70
70
293
93
72
72
72
72
72
72
72
72
15
15
15
15
15
15
15
15
14
14
14
14
0
0
70
70
70
70
70
70
70
70
293
93
72
72
72
72
72
72
72
72
15
15
15
15
15
15
15
15
14
14
14
14
0
0
70
70
70
70
70
70
70
70
293
93
72
72
72
72
72
72
72
72
15
15
15
15
15
15
15
15
14
14
14
14
0
0
70
70
70
70
70
70
70
70
293
93
72
72
72
72
72
72
72
72
15
15
15
15
15
15
15
15
14
14
14
14
0
0
70
70
70
70
70
70
70
70
293
93
72
72
72
72
72
72
72
72
15
15
15
15
15
15
15
15
14
14
14
14
0
0
70
70
70
70
70
70
93
72
15
15
70
43
70
70
64
64
64
64
64
64
616
616
616
616
617
617
616
616
616
616
616
616
617
617
616
616
616
616
616
616
617
617
616
616
616
616
616
616
617
617
616
616
121
121
121
121
121
121
121
121
121
121
121
121
121
121
121
121
64
64
64
64
64
64
64
64
64
64
64
64
64
64
64
64
616
616
616
616
617
617
616
616
616
616
616
616
617
617
616
616
616
616
616
616
617
617
616
616
616
616
616
616
617
617
616
616
121
121
121
121
121
121
121
121
121
121
121
121
121
121
121
121
64
64
64
64
64
64
64
64
64
64
64
64
64
64
64
64
616
616
616
616
617
617
616
616
616
616
616
616
617
617
616
616
616
616
616
616
617
617
616
616
616
616
616
616
617
617
616
616
121
121
121
121
121
121
121
121
121
121
121
121
121
121
121
121
64
64
616
148
227
227
618
618
148
618
618
435
435
303
435
435
399
303
303
303
303
242
242
242
242
242
55
242
242
242
242
242
242
242
55
242
242
227
227
148
148
162
162
119
119
215
215
215
215
215
145
215
215
215
145
215
215
119
119
227
227
148
227
227
618
618
148
618
618
435
435
303
435
435
45
45
37
179
179
37
37
45
45
37
179
45
69
69
37
37
45
45
37
69
69
37
37
45
45
37
69
45
137
137
137
137
39
39
137
137
137
137
137
137
0
0
0
0
0
0
0
0
39
39
0
0
0
0
0
0
0
0
0
0
0
0
0
0
179
179
0
0
0
0
0
69
69
69
0
39
137
137
137
137
137
137
0
0
0
0
0
0
0
0
39
39
0
0
0
0
0
0
0
0
0
0
0
0
0
0
179
179
0
0
69
69
69
0
134
137
137
137
137
137
137
137
137
137
137
39
39
39
39
39
39
39
39
69
39
39
39
39
39
39
39
179
179
179
179
179
179
179
179
179
179
179
179
179
179
39
39
69
69
69
111
111
111
79
79
79
137
137
137
0
0
0
0
137
137
137
137
137
137
137
137
137
137
137
137
137
137
137
0
39
39
39
39
39
39
39
39
39
39
0
134
137
0
224
224
154
154
227
154
154
149
154
154
154
154
154
137
141
142
308
467
467
467
467
467
467
88
88
80
80
240
240
118
118
148
148
258
258
137
137
137
141
142
308
467
467
467
467
467
467
88
88
80
80
240
240
118
118
148
148
258
258
137
137
137
141
308
467
467
467
467
467
467
88
88
118
118
255
255
110
110
39
39
304
316
316
316
316
316
316
162
318
274
41
620
620
620
620
4
4
4
4
99
38
38
38
38
38
0
0
0
0
190
190
190
190
190
190
190
190
0
0
0
174
174
174
0
174
174
174
174
174
0
0
0
190
0
0
0
190
190
190
0
190
190
190
190
190
0
0
0
174
0
341
341
341
341
341
341
341
341
341
341
341
341
341
341
341
341
341
341
341
341
341
341
341
341
341
341
341
341
341
341
341
341
621
621
621
621
621
621
621
621
621
621
621
621
621
621
621
621
621
621
69
0
75
75
75
75
75
75
180
180
0
0
39
39
39
39
118
118
118
118
39
39
39
39
141
141
0
0
39
39
39
39
118
118
118
118
39
39
39
39
139
139
0
0
39
39
39
39
118
118
118
118
39
39
39
39
69
69
0
0
118
118
118
118
39
39
39
39
69
69
69
69
37
37
328
328
328
328
388
388
388
388
328
328
328
328
142
142
37
37
328
328
328
328
388
118
435
435
435
435
43
43
618
618
618
618
73
73
73
481
71
77
0
622
622
623
623
443
443
245
245
443
443
245
245
443
443
245
245
443
443
623
623
622
622
623
623
622
622
623
623
622
622
623
623
622
622
623
623
622
622
624
624
625
625
624
624
625
625
623
623
622
622
623
623
443
443
245
245
443
443
245
245
443
443
245
245
443
443
623
623
622
622
623
623
622
622
623
623
622
622
623
623
622
622
623
623
622
622
624
624
625
625
624
624
625
625
623
623
622
622
623
623
443
443
245
245
443
443
245
245
443
443
245
245
443
443
623
623
622
622
623
623
622
622
623
623
622
622
623
623
622
622
623
623
622
622
624
624
625
625
624
624
625
625
623
623
622
622
623
623
443
443
245
245
443
443
245
245
443
443
245
245
443
443
623
623
622
622
623
623
622
622
623
623
622
622
623
623
622
622
623
623
622
622
624
624
625
625
624
624
625
625
623
623
622
622
15
15
15
15
0
622
622
70
179
70
70
398
54
365
302
302
302
302
365
365
365
365
105
105
365
365
365
365
513
513
513
513
626
626
626
626
626
626
626
626
626
626
626
626
627
627
627
627
627
627
627
627
627
627
627
627
627
627
627
627
45
142
0
0
137
142
137
39
433
433
0
88
0
142
0
0
0
142
0
0
137
39
433
433
0
88
0
142
0
0
0
142
0
0
137
142
137
39
433
433
0
88
0
142
0
0
16
16
16
16
297
297
64
64
535
535
64
297
118
118
148
148
618
618
55
0
5
5
55
55
36
36
55
0
276
276
17
17
628
628
5
0
110
110
204
204
109
109
0
0
0
0
0
0
0
0
0
0
0
0
0
0
0
0
0
0
0
37
37
37
37
37
37
37
54
54
54
54
54
54
54
54
54
54
0
37
6
54
37
55
54
54
54
54
54
54
54
0
0
0
54
56
55
5
134
134
134
134
0
0
53
53
53
53
53
53
0
0
53
55
55
55
55
55
0
0
54
54
37
37
37
37
37
37
37
0
37
37
37
37
37
0
55
55
54
54
54
54
54
54
54
54
54
6
37
0
96
96
0
54
54
54
54
0
0
0
0
134
134
134
134
0
0
53
53
53
53
53
53
53
0
53
55
55
55
55
55
0
0
54
54
37
37
37
0
37
53
64
16
148
148
55
204
17
16
16
0
228
0
45
96
37
54
365
228
228
0
228
96
37
54
96
37
54
119
119
119
134
0
365
228
228
0
228
96
37
365
228
0
228
0
45
96
37
54
365
228
228
0
228
96
37
54
96
37
54
119
119
119
134
0
365
228
228
0
228
96
37
365
228
0
228
0
45
96
37
54
365
228
228
0
228
96
37
54
96
37
54
119
119
119
134
0
365
228
228
0
228
96
37
365
228
0
228
0
45
96
37
54
365
228
228
0
228
96
37
54
96
37
54
119
119
119
134
0
365
228
228
0
228
96
37
365
228
0
228
0
45
96
37
54
365
228
228
0
228
96
37
54
96
37
54
119
119
119
134
0
0
69
365
0
365
0
365
37
365
228
228
228
228
228
228
228
0
69
365
0
365
0
365
37
365
228
228
228
228
228
228
228
0
69
365
0
365
0
365
37
228
228
228
228
228
228
134
137
228
228
82
271
82
289
289
289
289
289
289
289
289
289
289
289
289
289
289
289
289
289
289
289
289
289
99
99
99
99
99
99
99
99
99
99
99
99
99
99
99
99
99
99
99
99
99
99
99
99
422
422
422
422
422
422
422
422
422
422
422
422
422
422
422
422
422
422
422
422
422
422
422
422
403
403
403
403
403
403
403
403
403
403
403
403
403
403
403
403
403
403
403
403
403
403
403
403
274
274
274
274
274
274
274
274
274
274
274
274
274
274
274
274
274
274
274
274
274
274
274
274
99
99
99
99
99
99
99
99
99
99
99
99
99
99
99
99
99
99
99
99
99
99
99
99
289
289
289
289
289
289
289
289
289
289
289
289
289
289
289
289
289
289
289
289
289
289
289
289
99
99
99
99
99
99
99
99
99
99
99
99
99
99
99
99
99
99
99
99
99
99
99
99
289
289
289
289
289
289
289
289
289
289
99
289
289
363
363
364
486
486
175
366
366
366
366
30
365
366
366
366
29
29
29
29
29
29
29
0
29
29
0
0
557
0
0
557
557
557
0
557
557
0
557
557
0
557
557
557
0
442
442
0
29
29
29
29
29
29
29
29
29
29
29
29
0
0
557
557
0
0
557
557
557
0
557
557
0
0
557
0
0
0
442
442
0
0
29
29
29
29
29
29
29
29
0
29
29
0
0
557
557
557
0
557
557
557
0
557
557
0
29
29
29
29
29
29
29
29
29
29
0
0
557
0
0
557
557
557
557
0
557
557
0
557
557
0
442
442
0
0
29
29
29
29
29
29
29
29
29
29
29
29
29
29
0
0
557
557
0
0
557
557
557
0
557
557
0
0
557
0
0
29
29
29
29
29
29
29
0
29
29
0
0
557
557
557
557
557
557
557
0
557
557
113
0
557
0
442
442
0
0
29
29
29
29
29
29
29
29
29
29
29
29
29
29
0
0
557
0
0
442
0
442
0
6
54
5
6
134
6
54
134
37
6
55
6
110
96
110
6
110
37
0
110
110
96
110
6
110
37
0
6
5
6
54
5
6
54
5
6
134
6
54
134
37
6
55
6
118
6
55
118
6
55
118
6
39
6
55
39
37
6
96
45
5
6
54
5
6
54
5
6
134
6
54
134
37
6
55
6
110
96
110
6
110
37
0
110
110
96
110
6
110
37
161
124
124
124
124
124
124
124
124
118
134
55
55
39
134
55
55
124
124
124
124
124
124
124
124
134
5
55
88
88
118
118
118
124
124
124
124
124
124
124
124
118
134
55
55
39
134
55
55
124
124
124
124
124
124
124
124
39
118
88
110
110
110
110
0
5
6
54
5
6
54
5
6
134
6
54
134
37
6
271
271
149
6
55
118
6
55
118
6
39
6
55
39
37
6
96
45
5
6
54
5
6
54
5
6
134
6
54
37
118
124
125
110
124
73
73
73
73
73
73
69
69
87
87
73
73
73
73
73
73
73
73
73
73
73
73
69
69
87
87
73
73
73
73
69
69
87
87
73
73
73
73
69
69
87
87
73
73
73
73
69
69
87
87
73
73
73
73
69
69
87
87
73
73
73
73
171
171
0
0
69
0
75
75
0
0
537
537
537
69
69
69
75
171
0
0
69
0
75
75
0
0
537
537
537
537
537
537
75
171
0
0
69
0
75
75
0
0
537
537
537
537
537
537
75
171
0
0
69
0
75
75
0
0
537
537
537
537
537
537
75
171
0
0
69
0
75
75
0
0
537
537
537
537
537
537
75
171
0
87
87
73
73
73
73
73
73
73
73
73
73
73
73
77
77
87
87
73
73
73
73
73
73
73
73
73
73
73
73
77
77
87
87
73
73
73
73
73
73
73
73
73
73
73
73
77
77
87
87
73
73
73
73
73
73
87
87
75
280
73
73
73
234
234
220
220
630
630
630
225
225
225
225
225
225
220
328
141
253
0
45
45
37
37
37
37
54
54
37
37
45
45
54
54
37
37
45
45
37
37
37
37
54
54
37
37
45
45
54
54
37
37
45
45
37
37
37
37
54
54
37
37
45
45
54
54
37
37
45
45
37
37
37
37
54
54
37
37
45
45
54
54
37
37
45
45
37
37
37
37
54
54
37
37
45
45
54
54
37
37
45
45
37
37
37
37
54
54
37
37
45
45
54
54
37
37
45
45
37
37
37
37
54
54
37
37
45
45
54
54
37
37
45
45
37
37
37
37
54
54
37
37
45
45
54
54
37
37
45
45
37
37
37
37
54
54
37
37
45
45
54
54
37
37
45
45
37
37
37
37
54
54
37
37
45
45
54
54
37
37
45
45
37
37
37
37
54
54
37
37
45
45
54
54
37
37
45
45
37
37
37
37
54
54
37
37
45
45
54
54
37
37
45
45
37
37
37
37
54
37
54
45
37
38
54
45
37
96
54
45
37
0
631
112
592
211
177
592
211
592
112
73
631
631
112
73
631
112
306
592
211
177
592
211
112
73
631
631
112
73
631
112
592
211
177
592
211
592
112
73
112
112
86
86
54
54
37
37
6
6
149
6
6
6
527
144
55
55
109
109
175
175
134
134
134
134
54
54
37
37
54
54
112
86
54
54
37
37
6
6
149
45
45
221
45
221
96
37
37
155
155
233
233
4
4
4
4
37
4
54
37
112
112
112
73
631
112
73
631
112
73
631
112
73
592
112
73
306
306
112
77
306
112
77
306
112
77
306
112
77
177
177
177
210
210
211
211
137
137
211
211
211
211
211
211
69
69
210
210
210
210
211
211
137
137
54
527
155
592
317
632
632
353
353
353
353
353
353
353
0
0
500
513
500
500
500
500
500
500
500
500
500
513
175
175
153
153
153
0
153
153
393
393
393
393
393
393
393
153
271
271
176
176
176
0
176
176
185
185
185
185
185
185
185
185
271
271
632
632
632
0
632
632
353
353
353
353
353
353
353
353
0
0
500
500
513
500
500
500
500
500
500
500
500
175
175
153
153
153
0
153
153
393
393
393
393
393
153
393
393
271
271
176
176
176
0
176
176
185
185
185
185
185
176
185
185
271
271
632
632
632
0
632
632
353
353
353
353
353
632
353
353
0
0
500
500
500
500
500
500
500
500
500
500
500
500
175
175
332
332
332
0
332
332
332
332
332
332
332
384
332
337
332
500
500
599
500
500
500
500
500
500
500
500
175
175
153
153
153
0
153
153
393
393
393
393
393
393
176
185
633
632
153
393
0
120
634
634
634
634
634
634
634
493
0
635
635
635
635
635
0
293
293
293
293
293
293
293
293
36
0
635
635
635
635
635
0
293
293
293
293
293
293
293
293
36
0
0
271
181
0
293
293
293
293
293
0
635
635
635
635
635
635
635
635
54
0
153
153
153
153
153
0
120
634
634
634
634
634
634
634
493
0
153
153
153
153
153
0
120
634
634
634
634
634
634
634
493
0
153
153
153
153
153
0
120
634
634
634
634
634
634
634
493
0
153
153
153
153
153
0
120
634
634
634
634
634
634
634
493
0
635
635
635
635
635
0
293
293
293
293
293
293
293
293
36
0
635
635
635
635
635
0
293
293
293
293
293
293
293
293
36
0
0
271
181
0
293
293
293
293
293
0
635
635
635
635
635
635
635
152
17
634
293
0
125
634
153
635
125
152
635
0
